0 0.4499209971910112 0.5112359550561797 0.2093574438202247 0.1292134831460674
1 0.43965063202247195 0.2984550561797753 0.05609199438202246 0.2205056179775281
1 0.4880298617813137 0.28672967329615523 0.04416775709782149 0.2206643305856792
1 0.40212429775280895 0.10603932584269662 0.058462078651685366 0.19803370786516855
1 0.30613588483146065 0.42766853932584276 0.05135182584269668 0.20926966292134835
1 0.6426878511235955 0.6685393258426966 0.05609199438202253 0.19943820224719097
1 0.7118153089887639 0.8202247191011236 0.04740168539325836 0.17977528089887643
1 0.2271911649244953 0.5491190148858739 0.05881540702411104 0.24574275460888284
1 0.32066255323573756 0.31842436288785897 0.05909261743406722 0.2073827735219329
1 0.17253047137055233 0.1995930900190362 0.05216955991938704 0.22543675697557994
1 0.2271330758426966 0.046348314606741575 0.0718925561797753 0.09269662921348315
1 0.05411692415730337 0.26896067415730335 0.10507373595505617 0.13061797752808985
1 0.0711025280898877 0.4150280898876404 0.1279845505617979 0.12500000000000017
1 0.1150459173792541 0.903313911364141 0.050561797752808904 0.1582111741037426
1 0.2089624297752809 0.9339887640449439 0.06399227528089887 0.12078651685393269
1 0.21109785149789587 0.7845567144021834 0.11573217976061509 0.10461690039903536
1 0.28700272822842926 0.797469423886933 0.054511938202247416 0.2098332064889066
1 0.5518346207865169 0.7507022471910112 0.11297401685393263 0.08848314606741582
1 0.5648700842696627 0.6334269662921348 0.048981741573033456 0.2191011235955057
1 0.5253686797752809 0.1523876404494382 0.0774227528089888 0.08567415730337076
1 0.6189870084269662 0.04213483146067415 0.09875351123595508 0.08146067415730336
1 0.8215963804896884 0.22114052317475089 0.10723302848144671 0.07760451799068364
1 0.8540203651685393 0.9304775280898877 0.11060393258426955 0.07724719101123596
1 0.7659322331460675 0.9641853932584269 0.11771418539325836 0.07162921348314612
1 0.6466379915730337 0.9424157303370787 0.12245435393258418 0.07865168539325851
1 0.30838250580514215 0.9557066951039803 0.11534410112359543 0.09269662921348334
1 0.33869738199032623 0.26381243104303154 0.053108991131636356 0.2329336585290292
1 0.9830961492206179 0.22718917507369724 0.09875351123595509 0.09831460674157397
1 0.7535119948181135 0.2525171667208053 0.14077771809872242 0.08835131171373085
1 0.7619820926966292 0.43960674157303375 0.11297401685393269 0.10112359550561799
1 0.9685213741074208 0.35688267786723604 0.06478230337078672 0.19101123595505665
1 0.9233141666203131 0.2636551989088214 0.04965097175561964 0.2097318051129658
1 0.827005533725454 0.5054575669661557 0.04946400219571088 0.22483525062217208
1 0.6042130085626731 0.6159880461363972 0.044834716133346865 0.21289150981349433
1 0.6996843593270112 0.6307678550600663 0.04561715135492347 0.22635492399206553
1 0.8182632465599249 0.7710394936720866 0.048470117829752773 0.24023230210221785
1 0.8757332228655917 0.6717914574405701 0.11216456986155687 0.08349607382013494
1 0.965721558988764 0.820224719101123 0.06855688202247219 0.10674157303370885
1 0.6202876035900107 0.8907429756311488 0.1103793468799416 0.09293639018191618
1 0.6492812164772335 0.42807744376482076 0.12903364769206074 0.08405416396748171
1 0.39248035827582056 0.9155287391271841 0.06399227528089875 0.18224053281264802
1 0.41976833181832995 0.8284710970785079 0.05451193820224704 0.21612208586403792
1 0.5062351188865254 1.0837084038082019 0.054511938202247076 0.20726553720286173
1 0.5605249297752808 0.957865168539326 0.0402914325842697 0.08146067415730343
1 0.9719540028089887 0.5758426966292136 0.05609199438202255 0.16573033707865195
1 0.588754450205785 0.39607758250268416 0.048981741573033755 0.21864506442771506
1 0.616920618885391 0.5196549100890937 0.054511938202246986 0.23572289769664767
