0 0.43775826446281 0.4986225895316804 0.19989669421487616 0.12672176308539945
1 0.5694731404958678 0.6184573002754822 0.05733471074380155 0.2176308539944904
1 0.6357179752066117 0.6632231404958678 0.048811983471074426 0.2079889807162536
1 0.7116477272727273 0.8037190082644627 0.048811983471074426 0.19146005509641864
1 0.8545971074380165 0.9235537190082644 0.1208677685950414 0.08953168044077131
1 0.2254976244784836 0.771070842585129 0.12551652892561962 0.09779614325068867
1 0.32305764110321805 0.9372346587985476 0.10924586776859499 0.10055096418732833
1 0.3918051798847722 0.913350120430791 0.06275826446280981 0.17906336088154326
1 0.5524276859504132 0.7355371900826446 0.11002066115702483 0.08815426997245183
1 0.49896694214876036 0.2727272727272727 0.05423553719008261 0.2286501377410468
1 0.5249225206611571 0.14118457300275483 0.08135330578512395 0.08126721763085401
1 0.40095557851239677 0.09917355371900827 0.0503615702479339 0.19834710743801653
1 0.44201962809917356 0.2926997245179064 0.05036157024793367 0.21349862258953162
1 0.3349809207466549 0.2691987017805033 0.058647176252730505 0.23652747873790714
1 0.3099173553719009 0.4235537190082644 0.05733471074380162 0.20798898071625338
1 0.22217563681108554 0.547784987398972 0.05620357731350834 0.25483285880864986
1 0.06392045454545454 0.2699724517906336 0.11544421487603307 0.11294765840220393
1 0.05462293388429753 0.4070247933884298 0.10924586776859506 0.11707988980716251
1 0.2448357837102012 0.38096784964198677 0.13248966942148754 0.09366391184573022
1 0.21655475206611569 0.9318181818181819 0.06895661157024793 0.1363636363636364
1 0.06082128099173554 0.9214876033057852 0.10924586776859505 0.14876033057851246
1 0.4131104099411394 0.8129875760789119 0.058740469964997634 0.21608671516687314
1 0.6508264462809916 0.9366391184573003 0.11621900826446292 0.0936639118457301
1 0.8059910004134535 0.7587452448788548 0.06272794270825038 0.23832552949239644
1 0.5156341872561334 0.9469228311599757 0.12088851836101461 0.08237871693823552
1 0.5683109504132232 0.9579889807162535 0.045712809917355345 0.0840220385674931
1 0.6201988229433528 0.8820405661007582 0.11855434189075438 0.07841201946463157
1 0.7542613636363638 0.4297520661157025 0.12474173553719012 0.09090909090909094
1 0.5950444166346887 0.6218023582163754 0.04748697186743324 0.21310835454667734
1 0.7596849173553718 0.5420110192837465 0.1030475206611571 0.09228650137741048
1 0.1710693966850126 0.21602621633927271 0.052685950413223104 0.2353051609371367
1 0.7501482291719138 0.24270697907410038 0.13016528925619822 0.08815426997245197
1 0.7616219008264464 0.9552341597796143 0.1022727272727272 0.08402203856749324
1 0.9307807823860733 0.7818167623065579 0.046615099492017247 0.2104345598158862
1 0.972236570247934 0.8057851239669421 0.055526859504132206 0.14325068870523425
1 0.8634115501630424 0.7957780629311813 0.04255835069424705 0.20279685396001482
1 0.9697830578512396 0.5488980716253443 0.0604338842975207 0.1887052341597796
1 0.8204604932545753 0.49209047724537286 0.04029993935155065 0.2309319134380993
1 0.6225464876033058 0.0399449035812672 0.09374999999999992 0.0798898071625344
1 0.7286349255866795 0.10645574413477674 0.042613636363636215 0.13336834479684118
1 0.9265960353421199 0.2569377734306652 0.049586776859503835 0.2110107129651077
1 0.8887631500954402 0.1165015973403119 0.05036157024793383 0.17098028729951145
1 0.9647555024640504 0.34892905245152867 0.05721428063143123 0.17308008960177923
1 0.6518448196651738 0.41761605367992227 0.12474879705353899 0.08811851122688036
1 0.6039040586884908 0.36485986556698935 0.13758921684761188 0.08783637859693832
1 0.5881454642587682 0.2727756533463981 0.11970993811607704 0.08325869961328664
1 0.29216914938548505 0.7889179797776559 0.04097084445500418 0.21977864749554588
1 0.2347623966942149 0.03925619834710743 0.06663223140495866 0.07851239669421486
