0 0.43861860309757505 0.5214893449056285 0.20774679318141265 0.11351874880130945
1 0.4347397817934218 0.3063981267989713 0.05003561925634699 0.20581100033983216
1 0.30842437043548726 0.41802443206803297 0.059355979706058645 0.20406683932000316
1 0.24048384820995758 0.5335750996317103 0.07652506474500169 0.24505462328598765
1 0.8513647780914401 0.9276173176770931 0.12263632170673276 0.08720805099145437
1 0.7059181005472552 0.8042179255241853 0.0544505268377894 0.18749730963162708
1 0.6394492141822075 0.665557124447773 0.05003561925634853 0.20493891982991805
1 0.5626788767937915 0.6149764548727292 0.056412707985097156 0.23284549614718308
1 0.41938597761848967 0.7908902909572824 0.05780672948959344 0.2079761520462685
1 0.6863436275601503 0.6162703531908496 0.05554569184186303 0.2528397421966404
1 0.611640215394466 0.6277572672984911 0.0504136881152423 0.21919902120371954
1 0.7217637270234346 0.5676066219178442 0.05196727929327004 0.21321724505393216
1 0.6286030677350051 0.5744472897099875 0.050868044251824826 0.22557595133000316
1 0.47644360864178764 0.3012132620598985 0.05443695793178361 0.21991193977771864
1 0.3310796197520565 0.2588364644810979 0.05094470550902615 0.2337627065076733
1 0.06622361372163564 0.41031387991479273 0.13244722744327128 0.11773086883846333
1 0.05658822774532445 0.3007708658486281 0.1131764554906489 0.09860623224901444
1 0.3155335091769039 0.31899914478317326 0.04841156534010532 0.21995947237871627
1 0.1987680256877049 0.9363994999762295 0.04905787182427569 0.13624840485422374
1 0.12175945997878429 0.8930710603503236 0.05646464687542107 0.1780522460504689
1 0.19680042654422775 0.946415388733178 0.049135145588267023 0.2230756693384478
1 0.2923826875941977 0.8054382969516474 0.044975472722558724 0.21309126678479626
1 0.30852611889168097 0.9641695087972295 0.11598100627441306 0.08138959230691896
1 0.39540905898876405 0.08707865168539328 0.054511938202247236 0.1713483146067416
1 0.29006629663911704 0.29102656015463085 0.05016013804672353 0.22192159441884254
1 0.28755449334740857 0.08470561233840822 0.03261414086359301 0.07455990336513287
1 0.6637539129617694 0.28720464925311173 0.051417243731020607 0.22806662690879365
1 0.6479345759295835 0.18865069787295746 0.04956637402804434 0.23299719033467617
1 0.5214185393258427 0.1544943820224719 0.08058286516853932 0.09550561797752811
1 0.38434084785048056 0.905181802238172 0.04108536302771207 0.19906472044498794
1 0.5368240870786516 0.7577247191011236 0.11455407303370783 0.08286516853932582
1 0.6446629213483146 0.9290730337078651 0.12008426966292146 0.0800561797752809
1 0.7483999749213734 0.25036462573112206 0.14536235818228652 0.10252808988764112
1 0.6998350285783711 0.14805206251733233 0.039400046493164635 0.1829721936941028
1 0.6257022471910112 0.04775280898876404 0.08532303370786515 0.09269662921348314
1 0.9883810304254453 0.17920166195442883 0.05545328824523563 0.17341461237741967
1 0.9177268764462485 0.25318902219614087 0.05917290502411526 0.21105221079957456
1 0.8223642360817702 0.5176430931311178 0.04393041900583099 0.21339032948523606
1 0.9741544690092142 0.35762916264149275 0.05365248379694121 0.20174774252936564
1 0.751316713483146 0.958567415730337 0.09006320224719104 0.08286516853932582
1 0.6146564520778097 0.878198114888535 0.10791426340181597 0.09548162548349433
1 0.8340322101756794 0.7803659182594841 0.048007298216013565 0.23526278926082594
1 0.8814126113077171 0.6816703876259603 0.11830080166403206 0.08487868823444926
1 0.8873090842741251 0.8634854045631186 0.1123173300493108 0.08822547571866986
1 0.9665115870786516 0.5758426966292134 0.06697682584269671 0.16573033707865156
1 0.9632636938202246 0.8588483146067419 0.07347261235955059 0.125
1 0.5573648174157303 0.952949438202247 0.04345154494382011 0.09410112359550583
