0 0.44367052555897146 0.508812460760739 0.20671896260232536 0.13551079394977325
1 0.5662059186630394 0.6133704662888912 0.04905452868269293 0.23022925461743798
1 0.6410140749041466 0.6639511358639341 0.05052616454317342 0.20057851728034518
1 0.4942254104076261 0.27876247846771557 0.05979747046420335 0.2174076318253619
1 0.43693987740484064 0.3081234857630065 0.046297664170725665 0.19627043956136714
1 0.40488764836356894 0.09549717623819207 0.05104614254721035 0.17833174347242498
1 0.3421361125807826 0.2540622778857226 0.053684416688270134 0.23678721869923114
1 0.3116987602250569 0.40625870554369015 0.049859022953089215 0.19627043956136714
1 0.2248813161620447 0.5534831054436321 0.07059721195016311 0.2460523550099919
1 0.23726008456618566 0.3331565063370549 0.12946024564436318 0.10970461805426673
1 0.6099901952590371 0.624298039099594 0.04582162921348312 0.22455451843111882
1 0.6302768907673179 0.5954385739397108 0.05824050288896763 0.24170293774508853
1 0.6683610283387302 0.2858909372771859 0.055222558647770675 0.2369813505703112
1 0.5245786516853933 0.15098314606741575 0.08058286516853932 0.08286516853932584
1 0.6432845263861049 0.18284759184679505 0.05000821795512469 0.2180354358209923
1 0.7554882174739841 0.05617977528089896 0.10428370786516838 0.11235955056179796
1 0.8747953083797746 0.1639349144777505 0.054135362505610754 0.18827689431528463
1 0.7635621488764046 0.20435393258426968 0.13509480337078658 0.10533707865168536
1 0.6158268960674157 0.04353932584269663 0.07505266853932582 0.07584269662921349
1 0.7744937931321112 0.41153474808047436 0.11850421348314588 0.09550561797752832
1 0.7525946454861214 0.48539554266069723 0.1261725310406387 0.09878468620695627
1 0.7102352528089887 0.8082865168539327 0.06162219101123595 0.19522471910112396
1 0.8552054073033708 0.9325842696629215 0.11613412921348301 0.09269662921348315
1 0.8159661954588248 0.7764645361036249 0.04973786002069087 0.23335431863795317
1 0.9243560533307869 0.26245039666650377 0.059108718016708924 0.2150592358048493
1 0.9737472383355094 0.3713517281537422 0.05553681433739533 0.21020540884905742
1 0.8262410851597793 0.5133363364733793 0.04819171348314594 0.221495905101548
1 0.9332309805073227 0.6274935853464677 0.052587100416429736 0.20812064731723656
1 0.932671508254315 0.7885173838169893 0.054653043781867465 0.2055022148058335
1 0.9691889044943821 0.5933988764044944 0.06162219101123598 0.1530898876404494
1 0.9700924967959549 0.8700098162646651 0.0598637012459207 0.1895421257321253
1 0.7631671348314606 0.9648876404494382 0.11850421348314612 0.07022471910112359
1 0.6430828651685394 0.9473314606741573 0.12324438202247208 0.07724719101123612
1 0.6216241701945273 0.8682509285956631 0.11791805000485589 0.08052728747790124
1 0.5498595505617978 0.7556179775280899 0.12482443820224709 0.08426966292134835
1 0.2105424859550562 0.9375 0.06873244382022467 0.11938202247191015
1 0.31809652430298757 0.9666957468377846 0.10548921010817729 0.08417009813275567
1 0.2856635619545639 0.812607709895717 0.05756760216497212 0.21649873460928568
1 0.4076544943820224 0.8981741573033708 0.05688202247191008 0.19241573033707865
1 0.423213496309843 0.8374385947565461 0.06594456606222504 0.22619270495562613
1 0.5067262394378984 1.1077572428184652 0.04678721190642375 0.23123840051683017
1 0.5628950140449438 0.958567415730337 0.043451544943820156 0.0800561797752809
1 0.10175223444801468 0.8953073922439784 0.059252106741572864 0.1405188560609651
1 0.06873244382022471 0.4150280898876405 0.12798455056179775 0.125
1 0.05648700842696629 0.2710674157303371 0.1113939606741573 0.12640449438202242
1 0.2298940333606153 0.09322733011940684 0.11743761277779355 0.08059823259236351
1 0.23779845505617977 0.033005617977528094 0.101123595505618 0.060393258426966294
1 0.2285700708383842 0.7969032967664111 0.14392531045337106 0.10358276727454535
