0 0.43814566115702486 0.5 0.20841942148760334 0.1322314049586776
1 0.3068181818181819 0.42975206611570244 0.06198347107438014 0.2314049586776859
1 0.22614779193852974 0.5425519164581559 0.06516971486682901 0.2515493533485382
1 0.4443440082644629 0.2940771349862259 0.05810950413223146 0.22176308539944906
1 0.75 0.4325068870523415 0.12241735537190081 0.08815426997245175
1 0.856534090909091 0.9146005509641872 0.11544421487603301 0.08815426997245183
1 0.7612345041322315 0.955922865013774 0.1045971074380165 0.08539944903581287
1 0.7159090909090909 0.8016528925619835 0.05888429752066131 0.19008264462809918
1 0.6531508264462811 0.9276859504132233 0.10847107438016539 0.0867768595041322
1 0.791064049586777 0.7644628099173554 0.06353305785123965 0.20936639118457293
1 0.7589101239669421 0.5571625344352616 0.130940082644628 0.1115702479338843
1 0.7515495867768596 0.19834710743801653 0.1317148760330578 0.11294765840220387
1 0.5764462809917356 0.6039944903581268 0.044938016528925574 0.21074380165289264
1 0.5501033057851241 0.7355371900826446 0.1038223140495868 0.07162534435261719
1 0.6384297520661157 0.6590909090909091 0.0511363636363636 0.19421487603305784
1 0.5968788862919416 0.6207056466856697 0.04438180736728144 0.21669372161308104
1 0.5710227272727273 0.9497245179063362 0.05423553719008254 0.10055096418732773
1 0.41064049586776863 0.10261707988980716 0.05888429752066116 0.19421487603305784
1 0.06043388429752067 0.2665289256198347 0.12086776859504134 0.12258953168044076
1 0.057334710743801656 0.40082644628099173 0.11466942148760331 0.09090909090909087
1 0.22236570247933887 0.7300275482093664 0.12241735537190088 0.09917355371900825
1 0.12011846973256418 0.894152306439735 0.05113636363636356 0.18110153510566268
1 0.20118207395929996 0.9395665590573872 0.06430785123966935 0.14407749678221676
1 0.3228643625956577 0.9383263547269263 0.12239743727867985 0.08539944903581284
1 0.3999271864177492 0.9024772409252916 0.04587331603610647 0.18356391734052757
1 0.2930181947836068 0.7967468509097035 0.041875309295001314 0.21459676701632083
1 0.4049195295660634 0.8132115980745066 0.04028925619834709 0.20903562069691747
1 0.49896694214876036 0.27203856749311295 0.05733471074380169 0.23829201101928377
1 0.24855048625287615 0.3114636253748478 0.10614669421487594 0.09366391184573031
1 0.33531958705275483 0.2700397058673356 0.06108300701561346 0.2477084539038166
1 0.6532751504774521 0.42458835545086643 0.12532917663484772 0.10418589316397388
1 0.5376870995977258 0.11867853969514475 0.0836776859504132 0.08677685950413246
1 0.6338647241390346 0.18619319683772517 0.04338842975206612 0.21528844027260619
1 0.6537734670484887 0.276680607455528 0.05036157024793366 0.21257895299355223
1 0.9338969505522229 0.7844425564267697 0.04781869823876759 0.2046385080914699
1 0.5696928016047687 0.870243021766611 0.049278459011103566 0.20140720534580533
1 0.6084386274119744 0.9988962703763571 0.04575549833919523 0.19642455175209403
1 0.7253387825946024 0.11722090016987494 0.039514462809917314 0.13786707288570857
1 0.8243791869292251 0.48498567079751964 0.053944069170164095 0.22515626045949066
1 0.940093071004374 0.6334378333890576 0.040289256198347057 0.19242676859600988
1 0.9709452479338843 0.5626721763085399 0.058109504132231524 0.17768595041322313
1 0.9877612144473078 0.3597399145341656 0.041064049586776674 0.19883089163769255
1 0.17947256940846124 0.19767623662639505 0.04803719008264456 0.20088376361554555
1 0.9212617719287373 0.24878834056151505 0.05338893062271349 0.1862344000648154
1 0.8929493801652894 0.07920110192837465 0.06585743801652882 0.1584022038567493
1 0.23786157024793395 0.040633608815427005 0.05733471074380169 0.07851239669421489
