0 0.4444578769184629 0.5300516318205645 0.20441966442590284 0.1301046343814866
1 0.43728054775280895 0.3012640449438202 0.05135182584269664 0.20926966292134833
1 0.40212429775280895 0.0919943820224719 0.0474016853932585 0.175561797752809
1 0.22949218083477074 0.5453906211478868 0.06135231483540042 0.24138034407974832
1 0.3069259129213484 0.4143258426966292 0.054511938202247145 0.21629213483146084
1 0.3365421393237039 0.25902725094298745 0.05710325536719176 0.24446877295743735
1 0.7577023584330547 0.2314762448021088 0.1461997029255558 0.09616560332515789
1 0.21522483189917402 0.7921049434388335 0.12044511720859123 0.09626784137059598
1 0.27655971820157516 0.8270427665354569 0.052081331435225836 0.2448689429886711
1 0.4200963812247804 0.7889464324178556 0.06254810438784258 0.2177599988088623
1 0.5621049859550562 0.6228932584269663 0.054511938202247166 0.23174157303370777
1 0.6446629213483146 0.6685393258426966 0.06320224719101133 0.21067415730337083
1 0.48817435243460594 0.289114000311789 0.05795257940045237 0.2291703429902374
1 0.05569698033707865 0.26825842696629215 0.1113939606741573 0.12078651685393257
1 0.05688202247191011 0.4058988764044944 0.11376404494382023 0.12078651685393255
1 0.23628442747567902 0.09588570774974847 0.1189921996643852 0.11370859949350484
1 0.3234328459143457 0.32061618733446373 0.04932954013677256 0.22827211449695145
1 0.23582338483146073 0.04073033707865169 0.06873244382022461 0.08146067415730338
1 0.11755371414180481 0.9069753900770394 0.04977176966292125 0.166911122392432
1 0.19648262737224903 0.947629398682126 0.05767205056179765 0.12340336992711297
1 0.31084822523352207 0.953689396591045 0.11409964328575907 0.09807864216470419
1 0.40207823079183036 0.9103568656416529 0.06083216292134818 0.18086550452957856
1 0.5669667908789966 0.8709250927965738 0.054599166673864837 0.20700686521932302
1 0.5415642556179775 0.7535112359550561 0.12245435393258418 0.08567415730337088
1 0.5628950140449431 0.9550561797752809 0.059252106741572955 0.08988764044943809
1 0.6884880042204058 0.8466917163861375 0.052514786089088765 0.20939719130733972
1 0.6458479634831462 0.9375 0.10823384831460642 0.08567415730337107
1 0.7082601825842697 0.8054775280898876 0.05925210674157313 0.18960674157303373
1 0.6097760570686723 0.6312896640656311 0.04941766619884868 0.22349592902985382
1 0.8321435320327802 0.7745976960029634 0.053411784670657055 0.23286380706199603
1 0.5418088933438194 0.11771430023305295 0.08690308988764026 0.0941011235955059
1 0.6162219101123596 0.045646067415730324 0.10112359550561828 0.09129213483146065
1 0.697231622783956 0.1552826529961021 0.039790305953601966 0.1935224384318578
1 0.8720079710347061 0.16171791656425227 0.047278385289130996 0.20339178701211652
1 0.7757540127502949 0.4042291284767803 0.12245435393258411 0.10393258426966343
1 0.6473690078339038 0.42588467561883836 0.12856882676709733 0.08144308207572148
1 0.6709419692387025 0.2943522044453994 0.05369361545779902 0.2383185197074577
1 0.5963188354355724 0.4189336079797618 0.05596293324054944 0.22960463990957045
1 0.8536253511235955 0.9297752808988764 0.11929424157303359 0.08707865168539314
1 0.688196048963613 0.615756162523775 0.04284053721099836 0.24073394822385677
1 0.921398404009043 0.2631885093194193 0.057672050561797444 0.21848370628138394
1 0.9606741573033731 0.36446629213483134 0.06952247191011232 0.20365168539325815
1 0.8259183589920418 0.520129877192646 0.050642126678726494 0.2288921183161383
1 0.8722521455516709 0.8240114989375078 0.05113059041497827 0.20647951603400272
1 0.7528967696629212 0.9599719101123596 0.10112359550561806 0.07724719101123582
1 0.9874898138391265 0.5994266127639724 0.03792134831460665 0.12704596855912695
1 0.9406380277657992 0.8811278475551849 0.03739114584785181 0.126525594080872
