0 0.43620867768595006 0.50068870523416 0.20919421487603373 0.12258953168044044
1 0.5638397305409589 0.6346514020172486 0.06740702479338874 0.23415977961432488
1 0.637654958677686 0.6618457300275483 0.0511363636363636 0.19696969696969702
1 0.4404700413223141 0.2961432506887053 0.05036157024793383 0.22589531680440783
1 0.48698472849622676 0.28202637642585043 0.05191115702479339 0.22865013774104742
1 0.2178166427017171 0.7771015468211172 0.11533780884912163 0.09891512663525043
1 0.3356200108102628 0.6869571887330471 0.12467994693003938 0.0989357157144793
1 0.4036673553719009 0.8994490358126722 0.0604338842975207 0.18457300275482097
1 0.3296745867768594 0.9118457300275484 0.11234504132231386 0.11019283746556456
1 0.21461776859504128 0.9311294765840222 0.07592975206611571 0.13774104683195554
1 0.06275826446280992 0.9263085399449037 0.11931818181818184 0.14738292011019283
1 0.0615960743801653 0.4104683195592287 0.1231921487603306 0.12396694214876028
1 0.059271694214876006 0.27066115702479343 0.11854338842975201 0.10330578512396689
1 0.9693956611570249 0.5612947658402204 0.06120867768595048 0.17493112947658396
1 0.853434917355372 0.9221763085399449 0.12784090909090906 0.09504132231404952
1 0.9710743801652889 0.8195592286501383 0.057851239669422384 0.13498622589531603
1 0.9434384019930525 0.7717132092079761 0.05832509666514687 0.21044786068871604
1 0.8209728683570467 0.7662787124684555 0.05181152156427668 0.24054547555080716
1 0.7523243801652894 0.43250688705234164 0.11776859504132232 0.09641873278236915
1 0.7534865702479339 0.21418732782369143 0.13248966942148768 0.11983471074380163
1 0.553202479338843 0.7424242424242425 0.11311983471074384 0.08539944903581287
1 0.22983272951667344 0.5352693262174375 0.0619834710743801 0.23415977961432538
1 0.3359482476484655 0.25856263246499966 0.055203838504303625 0.24607759481354716
1 0.4067665289256199 0.10399449035812673 0.05733471074380169 0.2024793388429752
1 0.6217716942148761 0.046831955922865015 0.07980371900826455 0.09366391184573003
1 0.7457386363636364 0.07438016528925619 0.10149793388429755 0.11845730027548207
1 0.8938318263707423 0.13541249573084138 0.060818694187537645 0.15219691778939118
1 0.9242786777576051 0.25911088121230713 0.05268595041322295 0.20699252052137307
1 0.9836782699768699 0.3757583979542515 0.045769803272700235 0.19294355738586294
1 0.8762395353362976 0.6764137890964201 0.1146081773258598 0.08815426997245307
1 0.8258096362201589 0.5006649097656889 0.04490771817471504 0.2158827804003958
1 0.753486570247934 0.5454545454545454 0.12164256198347118 0.09641873278236908
1 0.7131973140495869 0.8085399449035813 0.053460743801653055 0.18181818181818188
1 0.646952479338843 0.9304407713498623 0.10692148760330582 0.07024793388429756
1 0.7558109504132233 0.9593663911845729 0.09065082644628092 0.07024793388429756
1 0.599439590932906 0.6136772139312747 0.03873966942148751 0.21631069638040804
1 0.2553931766429834 0.3088638903204364 0.12241735537190063 0.09917355371900854
1 0.3060433884297521 0.428374655647383 0.06198347107438014 0.21763085399449034
1 0.2231404958677686 0.03787878787878788 0.07128099173553717 0.07575757575757576
1 0.16629741373916856 0.2064651227490894 0.05717004234126051 0.2304157083380774
1 0.5256973140495869 0.14669421487603307 0.07515495867768586 0.08677685950413223
1 0.631350619833562 0.18726474637190096 0.04493801652892546 0.20884186258048856
1 0.6653456574213145 0.27224006263003675 0.051850637169639606 0.22673431484507717
1 0.7154379658466442 0.3667823549953067 0.055417403615459083 0.23039918302323034
1 0.407010172090563 0.8176785435990265 0.03719008264462815 0.20680697429804187
1 0.6183858259950398 0.8696394167545453 0.10304752066115695 0.09504132231404996
1 0.5135780981381618 0.948721234883188 0.1271589760228503 0.07243871339907212
1 0.568698347107438 0.9538567493112946 0.049586776859504404 0.09228650137741065
