0 0.4380140505322704 0.49634034445875513 0.19730909280007922 0.12026696948469302
1 0.3097084695490178 0.43719799896386546 0.05869245977263708 0.21467114612651236
1 0.23175790337003288 0.5312692310504193 0.053881602414223885 0.23995469060517657
1 0.4915588814625268 0.2663631159492759 0.04907074505581115 0.22487716258004967
1 0.4492314840911246 0.2866194279571727 0.04281663048987436 0.20820457316204924
1 0.6554141964370152 0.2850661098287952 0.04349114209473051 0.23856228638994645
1 0.06741092128791265 0.37492005906521364 0.11354483258287255 0.08638161656883554
1 0.05918185702435344 0.2718682739531879 0.11836371404870699 0.07945483324640519
1 0.4084417897292538 0.09878293775941062 0.04618423064076386 0.1975658755188212
1 0.26087258288337806 0.3318388552074236 0.10690936879229654 0.0735526636130677
1 0.3459260794773416 0.25987971002334453 0.04400246002723649 0.21830885879663062
1 0.16974058748941365 0.1952910713354427 0.04522205916908065 0.2162636962223219
1 0.29353329327051136 0.09621467511532943 0.06234954063983112 0.05635221075765726
1 0.8609260498851643 0.8999976727416893 0.11967356137696158 0.07421682739965799
1 0.7290317212077927 0.7916938136343474 0.04425720296389742 0.18489520673772628
1 0.8036849194739498 0.7519788488100555 0.0421131015921992 0.23647073200051028
1 0.7698559395747195 0.5242663178390786 0.11454479314919999 0.0779905994468447
1 0.6472435547334068 0.6446819600282335 0.042768168744048186 0.19487757897331143
1 0.5768850953275877 0.6087169348490863 0.04474097343323969 0.21296061906574323
1 0.5956533424032997 0.6081654782342918 0.0412145354808022 0.22651830547667962
1 0.5509064655921582 0.7395722549979166 0.10343343320587671 0.07098687302191437
1 0.7606598464189597 0.9602302458371202 0.10343343320587692 0.07098687302191423
1 0.9374013850049532 0.7746300514495804 0.04942506494321379 0.20064852364555538
1 0.3223274430136625 0.9016446940057813 0.12508229131873472 0.08894740715998921
1 0.3961678727947354 0.920198584668413 0.040316144204849566 0.18227338661773118
1 0.20670923297367083 0.9277670171919763 0.04335963582020387 0.15071969483012757
1 0.5444700093896533 0.10351875804123017 0.0836689938684397 0.07692768880675811
1 0.6409343598597644 0.1842543534533279 0.04054632085478719 0.21610022432044523
1 0.7290812941733259 0.3797984479548977 0.04852244436412836 0.23124280755727733
1 0.7456008401564606 0.4463077257259029 0.12450488144204738 0.0841730211084314
1 0.11784128753876744 0.9067630971975299 0.04717522002809107 0.1891306273638415
1 0.22634642246345918 0.7522683408516617 0.12171271890232861 0.07045965107944673
1 0.2929907793862483 0.78583432683525 0.04295744116228155 0.2393833355440267
1 0.5693649683681637 0.9503947152376984 0.054362688150065494 0.09921056952460333
1 0.6470758455925446 0.9376044686374653 0.09910366158330522 0.07953950832575943
1 0.5728667313119332 0.8767530526934287 0.039143459676527166 0.21166990122470403
1 0.6219990467175667 0.8578671795837742 0.10886442811441309 0.0792103259104651
1 0.4089140119416129 0.8056270003799137 0.048350483390794355 0.21216998261388617
1 0.7505376376769811 0.22096168559412468 0.1388621023977066 0.08087418360529766
1 0.8136067315008332 0.15104168919382904 0.0452220591690806 0.12126997127054219
1 0.6201828115533041 0.03549343651095719 0.08226566082886032 0.07098687302191438
1 0.8965665667941224 0.08509872127325885 0.047146402112444974 0.1701974425465177
1 0.9295525163420026 0.25922262368060134 0.04771135312125112 0.20415366282395667
1 0.8211357555461994 0.47607243221760603 0.04635232677514192 0.2207266630292163
1 0.9406604673896115 0.6208999139259747 0.0455912068262628 0.20030604616007952
1 0.9913711477987964 0.3687572199469799 0.04095578853657349 0.1916977619510249
1 0.9781249999999995 0.5368055555555548 0.04374999999999913 0.17361111111110936
1 0.9526494439660408 0.8366694392497448 0.03623886094157648 0.09978168256339255
