0 0.42349735509460723 0.554162305187444 0.19794445743878203 0.13274562249025204
1 0.5798966683099788 0.6181037264054292 0.04568271798919186 0.2324637749263135
1 0.7256926134808048 0.6601225221962792 0.040596542672646604 0.21189434859301223
1 0.7871900826446284 0.7458677685950412 0.04958677685950379 0.21900826446281038
1 0.9168907466508764 0.5949380757278694 0.05154906327487686 0.1883949522242608
1 0.9851497933884298 0.6570247933884298 0.02866735537190081 0.05509641873278241
1 0.8573088842975206 0.9063360881542688 0.1200929752066118 0.08539944903581481
1 0.7361382007283903 0.782270034335046 0.04540227885007642 0.17934836523083333
1 0.9240823716736974 0.7663268086261324 0.05046389803628756 0.18047757269323056
1 0.25440320657413706 0.8808711134887708 0.05358684556944533 0.20469474290205178
1 0.3912147097425434 0.9139402098782458 0.04270728753079153 0.20315629139285754
1 0.30165909133129387 0.7498389701515786 0.04051218167327128 0.22842825509966566
1 0.3875129401839287 0.7601296150294314 0.0468747515965642 0.1937070875012533
1 0.2037277066953874 0.9033198451669895 0.04810009594605527 0.2199451995832514
1 0.24289772727272718 0.514462809917355 0.0550103305785124 0.23002754820936702
1 0.29752066115702486 0.45867768595041325 0.04803719008264464 0.22314049586776868
1 0.12641203790691768 0.9012201638971976 0.04790301551265928 0.19289357089775783
1 0.5818698347107438 0.9421487603305786 0.048037190082644655 0.1157024793388429
1 0.40088748788851947 0.9315662195948127 0.0434522103034531 0.2030194172216444
1 0.6423037190082646 0.6349862258953167 0.049586776859504196 0.19834710743801642
1 0.5675799774415062 0.664833654288498 0.04751157112490416 0.21242971862154897
1 0.5848041333095435 0.8709659333304707 0.04550819836758917 0.2159191531016839
1 0.6337466499294436 0.857471719731029 0.11130553554154114 0.08541621887024768
1 0.9526084710743803 0.75 0.08600206611570257 0.07575757575757563
1 0.8153119017097724 0.4446503626124349 0.049531439291582886 0.22296159204421953
1 0.7388335086201135 0.57904670038246 0.048532692460096415 0.2022816716914863
1 0.6481816864351339 0.5387340387114642 0.04866630816181829 0.2106316497691309
1 0.9396035409216527 0.22848065508071713 0.04713869770554877 0.19165537144824266
1 0.9440925038127052 0.37097778202914483 0.09452479338842905 0.07575757575757627
1 0.9167167034572785 0.08021581293853655 0.044165997864366056 0.15821953944387374
1 0.692015596636086 0.38068633356779474 0.046245316397393016 0.24231628713612074
1 0.7480630165289257 0.06267217630853994 0.050361570247933966 0.12534435261707988
1 0.5953957057291525 0.5171001786146162 0.04702704202928917 0.22368260929315056
1 0.3505712886981734 0.31830742857841243 0.04225902823026391 0.20200245716319917
1 0.46635081246271703 0.2719517173167637 0.04479289131665155 0.22147681432872054
1 0.5109762396694213 0.2520661157024794 0.048811983471074655 0.21212121212121232
1 0.6803530748961772 0.17608129237257303 0.04807570733324669 0.20932234855360476
1 0.42934718161170643 0.08676651119773887 0.046381716275636586 0.17287361482625607
1 0.3463445751279931 0.24708510585867619 0.050355616605846726 0.21705827948640288
1 0.18019809850985363 0.2116953853911884 0.04171731863502534 0.219282701278937
1 0.3124881760677464 0.07526409698250962 0.04028925619834691 0.061983471074380694
1 0.06500856851871699 0.363583757440456 0.11683626421090355 0.08607353982560681
1 0.06005483718848366 0.2818775507528937 0.12010967437696726 0.08645777574556167
1 0.5572732387180455 0.09030401541686384 0.0789543773747228 0.06677443343202553
