0 0.433451332302562 0.515877089865383 0.19757231404958675 0.11707988980716268
1 0.23894809382304222 0.5121785902282923 0.051481028168295806 0.24209088121763217
1 0.28904097368457415 0.4552493428740818 0.048059987216887784 0.22118182784430432
1 0.5019408024900074 0.25777642805789164 0.052390236633116274 0.2220264124878191
1 0.4584163152288252 0.271922247244072 0.041412468999168894 0.2177699203319213
1 0.4109193812688357 0.09972372764283406 0.05027345939541481 0.19944745528566812
1 0.34213078242069117 0.25000776005951975 0.05380586278234855 0.2405556574748073
1 0.2605798395039794 0.33174980569093016 0.12211019000918251 0.08830474296410303
1 0.1131856230092712 0.8939144033742932 0.05025820592994472 0.19209503774741635
1 0.2227908042681003 0.91109535601653 0.0518610423236908 0.17592770820009407
1 0.3238669173683549 0.8932203482314938 0.1291234114998017 0.09125661869202767
1 0.2295142469454401 0.7429744306374624 0.1179805187976451 0.09075791497584414
1 0.2880412818275662 0.7795377067243592 0.044542177349178334 0.244692573121161
1 0.17372589006100023 0.21574895888330053 0.0495549232373341 0.2164542482970846
1 0.25057350551293467 0.03104606615295775 0.06297412282162451 0.0620921323059155
1 0.05688838826323225 0.3866646420868375 0.1137767765264645 0.11101320624390958
1 0.06323871997633725 0.24695734439852757 0.1264774399526745 0.10630925682679468
1 0.8594989108475519 0.9101545661331071 0.1190687196207186 0.08561187939148965
1 0.5755861638408162 0.6006346944869524 0.05397781956139248 0.2267303619049337
1 0.5538891971543741 0.7267005388656294 0.10901402774163564 0.07808556032410592
1 0.6351205236511754 0.6368551049987361 0.04921507077656367 0.19944745528566837
1 0.721908390396944 0.7949078054137939 0.059798956965071384 0.17498691831667026
1 0.8041858186330677 0.7422840388092179 0.04797236907966463 0.23084699340659318
1 0.7439592505133096 0.43305145066672834 0.1168933747357411 0.07977797515187018
1 0.748432434373524 0.20605074305447346 0.13866573660735215 0.08672192118359373
1 0.6244395336298658 0.5340593525513291 0.04845674462168526 0.2252243209632009
1 0.5912558186688963 0.6070332567636605 0.041797005408695555 0.2319809933321818
1 0.724147608708418 0.650718411976397 0.041620270431580064 0.2007807455288563
1 0.5038782776266855 0.19358171647143027 0.034547423197225265 0.15384175660854227
1 0.6559889066080732 0.278422646893977 0.045135014551606886 0.2369816326259037
1 0.6444071099639808 0.16283817734347594 0.04334992812929306 0.2122976045062349
1 0.6512012789305505 0.9333968494008077 0.10326022673953641 0.07426627640089169
1 0.5758507609955289 0.9482565564117371 0.05027345939541448 0.10348688717652593
1 0.6957210825758523 0.8261328327530082 0.04948665719021179 0.20025903236375572
1 0.5792334500400359 0.8651181339961007 0.04668815696646909 0.22040965813632998
1 0.4044645924456959 0.9143220640186712 0.03976428767548663 0.1901766725472422
1 0.397723414483471 0.7952873685463413 0.04416217121436551 0.21927957704510653
1 0.7504848831059162 0.05691778794708921 0.059798956965072134 0.11383557589417842
1 0.6158049313571478 0.03386843580322664 0.05609459679909427 0.06773687160645328
1 0.894954929579055 0.08561187939148956 0.05027345939541453 0.1712237587829791
1 0.9272783458554806 0.2632704215946825 0.04645496490664919 0.19917130953545376
1 0.8163292093563095 0.46766519023866165 0.03943738698825889 0.21699692584372474
1 0.9289379013173098 0.5389897845964948 0.03925137816321764 0.18947028630035218
1 0.978303033313558 0.5347794026473451 0.04021876751633172 0.14017769263002136
1 0.9407046264091994 0.6148814642508588 0.047250832231515244 0.20995174655664203
1 0.9369850031949177 0.7794444723308627 0.047237847790433135 0.20073137346323291
1 0.9504958533728604 0.85760258159904 0.03736844870961857 0.10145140962841756
1 0.5216083442794237 0.9802434124481177 0.03916037889748083 0.03951317510376455
1 0.99453125 0.6375 0.0109375 0.05555555555555543
