0 0.43352921020292984 0.503380859293037 0.1989258618171677 0.1153699849008199
1 0.3090746689114107 0.43921267469994374 0.05486762937694014 0.21346246791415055
1 0.2423098304127613 0.5168173240839091 0.05625578515445454 0.24016905536630986
1 0.5752621896930156 0.6027618974577728 0.04810857358412868 0.22618539646532532
1 0.6362924875869294 0.6426977565211807 0.04612061599801052 0.20144636872693136
1 0.5974534478307426 0.6031489814242692 0.03836312614227176 0.20867205654311577
1 0.7527447359628933 0.20975801544287634 0.14158282113277035 0.07728136332240365
1 0.747021725133872 0.06184756934598735 0.06083150213530331 0.1236951386919747
1 0.6263526996563242 0.03180732137793637 0.09224123199601801 0.06361464275587272
1 0.4110568930794185 0.09506854945183198 0.05208448875636976 0.19013709890366395
1 0.45456901652556403 0.27247021835921376 0.04450419263182323 0.22302837884757745
1 0.5011113717307015 0.26329393807291757 0.04930134813580139 0.22123759091764617
1 0.743047055422959 0.4341226167254814 0.12173732470644252 0.08675892110224145
1 0.7723245878448679 0.5140149882783215 0.116748374088678 0.07983344519244488
1 0.5508040358787373 0.7288470986413128 0.09709184850615074 0.06764357013041135
1 0.7310469528389231 0.7916032516261836 0.0397989108741426 0.18116036598144608
1 0.8018829782631549 0.7436165254505679 0.04065728968672014 0.22452854231604827
1 0.8602664612715535 0.9156399154120733 0.12202083663610834 0.08163879153670336
1 0.9362903362885702 0.7782679055367187 0.04230596208300375 0.20548988109779281
1 0.9387426248157922 0.6166673973251736 0.04271701346374364 0.19510569813263426
1 0.6479670166189756 0.3851037826767482 0.1250507866502725 0.08213383278302383
1 0.7599547373506809 0.9434323451395005 0.09393210282313165 0.0782652075670202
1 0.6267683085953359 0.8599645596001276 0.11067815884215103 0.0747584646551807
1 0.6463297345477972 0.9412636476351584 0.10831129728987764 0.06566125844323799
1 0.5700842924254679 0.9529605058288518 0.04810857358412868 0.09407898834229628
1 0.4022966971160369 0.9135895587136901 0.04754013773261089 0.19018642670783048
1 0.32230563102678644 0.9178461096334698 0.12341226985508669 0.08602599169940123
1 0.5768185507015463 0.869598288060023 0.03810456280568173 0.21536674266530176
1 0.059917041645687466 0.38992241862530114 0.11633527793980193 0.09096893914089725
1 0.0634158469972606 0.24919269226203247 0.1233328886429482 0.09252396374159709
1 0.2639662389815381 0.3416218417982033 0.12094273143382024 0.06561731032934616
1 0.17020360769674525 0.21252924073683044 0.04911709811295882 0.22525819321043275
1 0.3470822695153244 0.25103468214326324 0.04592182023939281 0.23119778276679268
1 0.5548288383464599 0.09911305585006504 0.08222192576196515 0.07308615623285807
1 0.6502041639060114 0.2815070554240488 0.04695366567300121 0.21998548668268614
1 0.639847575719925 0.16269338096396596 0.0420328581049453 0.21165788689003398
1 0.22452344563837895 0.9181175942110137 0.05468750000000002 0.16388888888888892
1 0.22623851304668677 0.7595932367885095 0.12019714233883279 0.08208859072432428
1 0.29558161226618757 0.7781523326657616 0.04268284573347052 0.23126966803429036
1 0.4063067940262188 0.8152235111316259 0.04855261503824317 0.20638470451581156
1 0.065625 0.91875 0.1140625 0.1625
1 0.9236401331734916 0.24201431067482163 0.054900695630508325 0.19626026013806055
1 0.8230948817912056 0.4682152860804241 0.04152612642688926 0.22479883370855858
1 0.9726562499999983 0.8187499999999994 0.05468750000000241 0.11527777777777855
1 0.8984375 0.08402777777777778 0.0625 0.16805555555555557
1 0.9982651682816308 0.37218056411186523 0.037811980563624864 0.1818521272404519
1 0.97890625 0.5416666666666667 0.0421875 0.13888888888888892
1 0.24096074380165283 0.03443526170798899 0.07128099173553717 0.06887052341597798
