0 0.42947703760297884 0.5125553480440783 0.19429004701669053 0.10711280257993419
1 0.4456473550779249 0.29289899636143657 0.05844595303195803 0.2078078330025175
1 0.6496892600188492 0.9257264413524945 0.11613172352988096 0.08790880226087379
1 0.86171875 0.9090277777777778 0.121875 0.09027777777777786
1 0.7971767911739802 0.7427962348247894 0.052343750000000286 0.24166666666666628
1 0.7369211378821777 0.7792608645264747 0.04942497188265209 0.18495730850035347
1 0.7785473850572991 0.9285072691411955 0.11838785106375069 0.06944444444444473
1 0.9384558396101574 0.7812801305696011 0.04728670207692434 0.20064498502524408
1 0.9418622526378304 0.8542805003947174 0.036016779183868516 0.11941224144004198
1 0.9284307330191655 0.5982206965266654 0.05205620448208721 0.20035137531035352
1 0.988671875 0.6569444444444444 0.01640625 0.0694444444444445
1 0.57578125 0.9444444444444444 0.04531249999999993 0.11111111111111115
1 0.3248100361418274 0.9207084419671279 0.1186904235262279 0.0965362202975434
1 0.23533750668988807 0.5152391441741575 0.05468749999999993 0.24420764964850497
1 0.2866608908910051 0.45534617676414885 0.047454933303757586 0.22702307611957237
1 0.234375 0.9027777777777777 0.053125 0.19444444444444442
1 0.2195311010454103 0.755582069431232 0.12504007474636442 0.07862232172770628
1 0.304079065019038 0.7635266059820326 0.04463142755334709 0.22748266702710646
1 0.5734731986190763 0.6511075384578284 0.05390624999999996 0.21236558040751474
1 0.566015625 0.7340277777777777 0.11015624999999993 0.06805555555555542
1 0.3932360496746849 0.7634797077412827 0.052031163388009005 0.21965696111055028
1 0.4025274475595175 0.9215791020885746 0.04999999999999978 0.1929777297489619
1 0.5823481745882517 0.8543574614906384 0.044761216231880355 0.20803082857388916
1 0.7013364897589968 0.8187150054184243 0.04631085759378535 0.2031932567173756
1 0.1152834083467984 0.9000083371674975 0.04310904727638405 0.20188023843507763
1 0.727928639175859 0.6505892769536976 0.042187499999999684 0.20274827288028519
1 0.8055888357351805 0.45637419595841366 0.040624999999999946 0.2214117291432639
1 0.7285933490030119 0.5867472268810969 0.05023432623692246 0.20579722543965479
1 0.6449218749999998 0.6354166666666665 0.04296875000000054 0.18750000000000017
1 0.4944474133181822 0.272090967383527 0.04663824853519451 0.2307104893744156
1 0.3242443508647615 0.3011549401173717 0.04687499999999991 0.21060855833666053
1 0.05840707025066883 0.2602050751463233 0.11681414050133768 0.09650573259245872
1 0.05820312500000001 0.386111111111111 0.11640625000000002 0.08888888888888893
1 0.25195312499999994 0.03055555555555554 0.06796874999999994 0.058333333333333307
1 0.3331809895768194 0.2570895248422266 0.04758031001474608 0.2434174443998357
1 0.1699191441021225 0.23584324468705276 0.05081933710747332 0.230770824804043
1 0.41328125 0.07847222222222222 0.059375 0.14583333333333334
1 0.8338078853766535 0.2276520849007787 0.0516953675731152 0.26681635448286734
1 0.898828125 0.08680555555555564 0.06640624999999994 0.17361111111111127
1 0.9252982584040275 0.24327843825931758 0.0442459868650498 0.18424779697267632
1 0.5866293694197835 0.6059307992229485 0.050363729941228105 0.23594288217079382
1 0.6384009489760085 0.5386783012377196 0.05311131307880153 0.22441937035218712
1 0.6571123526169648 0.2907227204051716 0.05095374400155887 0.23317299414180914
1 0.6701141120638546 0.18100502782965336 0.0479546594982198 0.21651014500551496
1 0.53515625 0.12569444444444444 0.07968749999999993 0.07083333333333335
1 0.7503873966942151 0.0509641873278237 0.06275826446281002 0.1019283746556474
