0 0.4254599267948727 0.5674811775998956 0.20277694757665007 0.1286245015198501
1 0.3865300221890411 0.7418556706592337 0.052656993607529456 0.22882701725469587
1 0.278647466225206 0.8733109219228181 0.05190932639563218 0.20397374025596182
1 0.300619514800714 0.7601726139661983 0.044238135299836785 0.23127761689393014
1 0.2002271783431643 0.8918813473198103 0.04423518000057681 0.2112400260896667
1 0.13193256433681563 0.8972699342513425 0.049048109590527356 0.20736993788134797
1 0.24018595041322313 0.515151515151515 0.04803719008264466 0.25068870523415976
1 0.2909349173553719 0.465564738292011 0.047262396694214906 0.22865013774104695
1 0.38792917447165143 0.9038930607112907 0.047451790388675565 0.21486334990839434
1 0.2776281814990822 0.28894613676677944 0.12245806057037224 0.09195270333129239
1 0.45976473961167097 0.27928154236888075 0.052243573595401376 0.21214904374988183
1 0.4276956016819341 0.08886577095256575 0.0517765612768995 0.17723585692556423
1 0.34749221231898636 0.24328405764853434 0.0444412601996472 0.2183595713620708
1 0.3118132211185432 0.27514376319720435 0.04761532306547643 0.22545104024215537
1 0.3090235346988808 0.05752193926722204 0.035640495867768865 0.05096418732782373
1 0.1382736952736856 0.2965367856829746 0.039290542282013646 0.21879211600460147
1 0.0732695510273664 0.33806273513840246 0.12081855026071917 0.0748884147786792
1 0.5117510330578513 0.24586776859504134 0.05346074380165298 0.21625344352617085
1 0.6217716942148761 0.4703856749311296 0.13403925619834717 0.07575757575757577
1 0.6461776859504132 0.6336088154269972 0.05268595041322321 0.19834710743801642
1 0.5537883210514177 0.6816942882021018 0.04719848865741168 0.20645320099234005
1 0.7405305628655803 0.7798625024107574 0.045723077486607776 0.188869471630544
1 0.7723162688254483 0.762487426530324 0.04293554212709694 0.22350209741668414
1 0.8631198347107439 0.9111570247933883 0.12396694214876035 0.0840220385674931
1 0.4093419911617124 0.9306584594801266 0.04115566261732391 0.19742937599544433
1 0.5765559463221329 0.8661500185382179 0.04116622800518731 0.21149979923540518
1 0.5857438016528925 0.9449035812672176 0.05113636363636367 0.10743801652892572
1 0.6200301018782841 0.9760345748433433 0.0426392581153438 0.18935841233598294
1 0.6547460391357562 0.9201500404880916 0.10209668363727488 0.0688319278489816
1 0.767814383657909 0.9208416190382477 0.09109113472041983 0.06388238470576824
1 0.9166674547109186 0.5921848026827483 0.04587578895368663 0.1967826957132832
1 0.9068891801964856 0.8109879928606241 0.04535982339222647 0.08301215010887547
1 0.9387256420617427 0.8994279705690938 0.038388228347589586 0.1610061835817104
1 0.9754648760330579 0.6549586776859505 0.030991735537190125 0.0702479338842975
1 0.9207239927865524 0.49928041287596436 0.040149780424286276 0.18106566002141933
1 0.9497882221836923 0.23000182235678332 0.03985212628247037 0.20404415139260107
1 0.9141467091920898 0.07883082578801105 0.05053698099007466 0.1556893814767112
1 0.7162368682186621 0.6650790988936529 0.044989133374663176 0.2307645602172014
1 0.7502553172032173 0.5737411034312114 0.05221192553511403 0.19493352231946212
1 0.8187377312263638 0.4289616744163244 0.04768184704743991 0.22296523259512344
1 0.7292661093376434 0.3452123837027065 0.04452850322185762 0.22196355120021688
1 0.6896053890588725 0.404409774941922 0.04950801231089993 0.24838699469599126
1 0.5824330386737755 0.49988093263516054 0.04236814811150145 0.21263312380619429
1 0.6760419067729889 0.18064055663702736 0.04251987139052727 0.20481360550557362
1 0.5146659503463592 0.19202267992776412 0.04011506142181549 0.1434927153735225
1 0.7573605371900828 0.06473829201101929 0.045712809917355345 0.12947658402203857
