0 0.4196659098006387 0.5692272886943462 0.19663722423912225 0.12219070505242194
1 0.5926794304256976 0.4557230891611567 0.12619138694325469 0.09733812540325698
1 0.6677150566184293 0.608993285484371 0.0568453601135141 0.20091889177134004
1 0.7759555785123967 0.5323691460055096 0.11544421487603315 0.09504132231404959
1 0.8125386267644782 0.39171734747117143 0.050042373953657446 0.188171090739968
1 0.7326404211214553 0.33794672436894113 0.05085832206459062 0.22079162594393525
1 0.2972343595338292 0.7515545191634833 0.040969804613205894 0.21623300665631442
1 0.509976175346221 0.7446660974966512 0.038951997112970455 0.21785514426220548
1 0.2099686825389846 0.875974645982668 0.04876421792647023 0.20937410358348074
1 0.28871768496882394 0.47646454795043963 0.05164898874788967 0.22393786792337955
1 0.23901173157205502 0.49574267286749374 0.053357159470960314 0.2565483668971779
1 0.12793503128925635 0.8985609908495263 0.0446022155531025 0.22103405674225113
1 0.2922036820477097 0.8495508429635662 0.04771339881607473 0.21446926204045316
1 0.3697133938660314 0.8687383237088562 0.04335741182219591 0.20070580432333324
1 0.3464683469463039 0.35095911987403755 0.040360742920649145 0.24260894377149014
1 0.6438566686552094 0.2712577048069276 0.04740494336090032 0.2255186022031616
1 0.5654390555322855 0.9567668329881799 0.038258287662067854 0.123998734046668
1 0.7023716733603057 0.809878755240736 0.04750126691083623 0.21493759500080728
1 0.7347969158982441 0.7727250822085296 0.04183884297520654 0.18595041322314018
1 0.7609269272746534 0.7794481351307038 0.048898390133604835 0.20035965418795323
1 0.8738794884170383 0.8707876014767543 0.1247417355371902 0.08953168044077135
1 0.775303845654104 0.9102633176161714 0.1078486318162179 0.06897879299348632
1 0.6569545804791693 0.9124180211688308 0.10642629065760754 0.07644190985961147
1 0.5189338490904758 0.9212473796652393 0.11268893194309003 0.08038799480713693
1 0.4035475050104375 0.9535275281739816 0.045774878062423766 0.19565463318008244
1 0.4427944214876034 0.27823691460055094 0.04416322314049587 0.20661157024793395
1 0.503228305785124 0.21625344352617076 0.05191115702479337 0.20385674931129472
1 0.9317114298873673 0.7617132850434011 0.039425774404756496 0.14938922197005733
1 0.9237521786806019 0.5834042916336716 0.04330640480954428 0.20523146279091478
1 0.9617998207828728 0.20349734160123079 0.05141946902777119 0.21935279012093464
1 0.9239315916250839 0.07876488769957361 0.05179084273401403 0.1567718068370908
1 0.8158703466578348 0.42147214902328256 0.04753529274690294 0.22081563592996167
1 0.9467975206611566 0.3305785123966944 0.10072314049586809 0.07988980716253434
1 0.35120571974529946 0.21613670880899008 0.04766165988313189 0.2276273513025552
1 0.4281044394201728 0.08108123074119422 0.04192914343342144 0.15902139961518633
1 0.189485721275583 0.20527107628654043 0.04695940825829445 0.2147619124026991
1 0.06395222622435133 0.3309980822450029 0.11177322741025326 0.0782986255026467
1 0.06153181624309819 0.26163223824598913 0.12306363248619628 0.07713498622589507
1 0.7746407621946725 0.21135825480127488 0.04705512925326614 0.2424036840314921
1 0.6659616280392601 0.13077609674181467 0.04688344353945688 0.19625246604953955
