0 0.42145062315292003 0.5754137533218965 0.2029649845997506 0.1284196974394841
1 0.38964723625266884 0.7335781983522027 0.05112460390555269 0.19886065707647313
1 0.4037975585463199 0.9440359712847394 0.04072750859354479 0.1947910934525795
1 0.5796576030194583 0.858997486102328 0.04339595193182391 0.20927206298597315
1 0.5743070159217197 0.9514318982062254 0.04442335168879924 0.10981049085461743
1 0.7385195132450622 0.7806449045490728 0.0450211176009127 0.17492633014884074
1 0.7671931984556436 0.7703437202801261 0.04539519075032876 0.21476675680947863
1 0.9371910118331093 0.7627091502607947 0.04290053424998233 0.18894112859059997
1 0.9761105371900828 0.643250688705234 0.047778925619834496 0.05785123966942152
1 0.8638946280991737 0.9056473829201102 0.11931818181818173 0.08402203856749324
1 0.9195310532603078 0.5862986882202549 0.04684704472788217 0.18682515382145895
1 0.7292609787935019 0.675934258877866 0.04531409685326936 0.21166771924021563
1 0.8095729194761958 0.4057869096342231 0.04841236474764381 0.1728135315737382
1 0.6559895766429945 0.6205756559267995 0.05297889226859521 0.19532905864819686
1 0.6180045012159222 0.9745480002232669 0.04282102100390064 0.1977001488246236
1 0.2868033082287779 0.8562969556217527 0.05035770296548978 0.216844379664641
1 0.38233506106557813 0.8871923128868688 0.0441444150070697 0.2028796213382314
1 0.296806581581165 0.7532079301422722 0.045267981224412175 0.22195785234082252
1 0.21533712838593402 0.8775583608550428 0.04520153188459666 0.20104313887362912
1 0.23926377534917395 0.5069080271705074 0.051911157024793375 0.24380165289256206
1 0.2985186679601527 0.46506055338153535 0.04586087235224609 0.23381080619491043
1 0.12926613955858351 0.8998752711551419 0.043388429752066034 0.21712613669231892
1 0.06392692692345416 0.3453925076542117 0.10924586776859496 0.07575757575757604
1 0.05697837905229807 0.2747743886616152 0.11395675810459614 0.06894931581523808
1 0.34178782231775395 0.32123583425504704 0.03750005458721428 0.2095030323391776
1 0.31198037161840736 0.2587206105773212 0.042092243240595156 0.22803884354026707
1 0.2591683884297524 0.030991735537190087 0.05191115702479391 0.061983471074380174
1 0.42187500000000006 0.090909090909091 0.055010330578512345 0.17630853994490372
1 0.3447608853859661 0.24577030998987962 0.0470371278897045 0.21641976353500575
1 0.4515313257488427 0.2833731654081149 0.046626568394777704 0.20336787817772503
1 0.5082644628099172 0.24242424242424232 0.04803719008264512 0.19834710743801628
1 0.527181304632037 0.7132700977734114 0.033497677909223374 0.2225712472536628
1 0.6089876033057852 0.46831955922865015 0.1193181818181818 0.07438016528925616
1 0.7286957680088771 0.34109684313814304 0.04541014423144516 0.212693480410615
1 0.6535752960426765 0.29002466019378587 0.042247377836451425 0.2268688687721029
1 0.7948847513272593 0.22902884697672932 0.04922652535318925 0.237994499899681
1 0.6684910145512515 0.14041661094010874 0.046662160623126336 0.17798466737530488
1 0.5192638160547689 0.1863262072290656 0.03598739298474221 0.13593164087305842
1 0.8244099038037414 0.41641806398547876 0.0441275622721778 0.21333619460598136
1 0.9501130253891842 0.22163589186159996 0.04767150351613381 0.20223379094308835
1 0.9186806794037342 0.07871128692127988 0.05471121691751991 0.15545161695585577
1 0.7558109504132233 0.05991735537190083 0.048811983471074426 0.11983471074380166
