0 0.42324314604423696 0.5726922382492954 0.20897878214744003 0.1277444517134129
1 0.3889827984874733 0.72650925002771 0.051463648574319905 0.20958575224870957
1 0.6410734296919607 0.6343532192829836 0.049321782653481284 0.2102408811945052
1 0.7689824380165294 0.5385674931129474 0.1247417355371897 0.08264462809917358
1 0.7685634661312527 0.76688445419485 0.04561008741923259 0.2221157340322649
1 0.7394982502211487 0.7820071285818264 0.048037190082644274 0.18318241555819006
1 0.8622098422525509 0.8978862283231976 0.1212237526172065 0.07300275482093661
1 0.9164345698706744 0.8031522535502024 0.044061138798132546 0.10863593034180212
1 0.5368941121263756 0.7153166109767111 0.048405035154253984 0.21655555296632656
1 0.6167648717863291 0.4779579617210743 0.12606236510015448 0.07648982291277275
1 0.813737767474768 0.4086774641583286 0.05332397851786521 0.17478226690722448
1 0.8263194741461435 0.4095020656735805 0.04458431502934875 0.21010119391974286
1 0.920412549283044 0.5941094237758707 0.04632131265421642 0.20011477726351606
1 0.6543565261712666 0.9322618564138017 0.10560066992770459 0.07773081710378839
1 0.5708649480152123 0.8538220987785061 0.04785444091386823 0.19658212525485466
1 0.6368537674267181 0.856442242845023 0.10938725420691982 0.07041405814466395
1 0.580632494102914 0.9433370088627555 0.044743605297297956 0.11311283914679335
1 0.3873182482207889 0.8926822484030872 0.04887510661507179 0.20575316855408765
1 0.4024122926039386 0.9513752714795415 0.03951446280991707 0.19176025074656697
1 0.2914789070404023 0.8674902138719183 0.04235035427279495 0.2152431641044444
1 0.2934403941407678 0.7524170669999009 0.0381342565333611 0.21654828046574917
1 0.22588754005113748 0.7544266960628666 0.11945450548582516 0.08256912777723516
1 0.1417360337533571 0.912743467855422 0.049586776859503925 0.22902856813238784
1 0.23786157024793395 0.509641873278237 0.05113636363636365 0.23966942148760365
1 0.28706095041322305 0.46900826446280947 0.05191115702479346 0.23278236914600461
1 0.07416349434241663 0.3467129128991789 0.1211782762019266 0.0922708829420327
1 0.0643963708733683 0.2828801124796373 0.12879274174673652 0.07974250148980835
1 0.2751966946106442 0.28220168046347505 0.12404791006644997 0.08659532820693353
1 0.17964244594269674 0.22817771903456766 0.04421685279816412 0.2334674547285274
1 0.25490702479338856 0.043388429752066096 0.0697314049586779 0.07851239669421482
1 0.3511801480138026 0.24837295080103214 0.048021573789357064 0.2081386271257503
1 0.43010412439651674 0.09015986086261936 0.04721114900647701 0.17815821206734864
1 0.4552781354286086 0.28219675752521084 0.04896738398458296 0.20736117105827576
1 0.5127594389358865 0.2505946849297118 0.04542224043811442 0.21480775305698582
1 0.6761610776614582 0.15694251078310548 0.0459227718236212 0.20205246834607452
1 0.5137761747118742 0.198864565131666 0.04082025598660457 0.1477544445985206
1 0.6529640682496449 0.29945059557054443 0.04759894748581589 0.2251672809106606
1 0.6876531910015286 0.4061874364444416 0.047910996841735366 0.24990390071199792
1 0.7272692514566718 0.34398916770115023 0.045120138117725216 0.2166170063508822
1 0.9288787540144016 0.08885599115553448 0.038169625064890175 0.17713651918191547
1 0.9456491485406562 0.36597378536497593 0.09374999999999893 0.07713498622589483
1 0.947043669474632 0.22591329747918784 0.043122060454371745 0.204193300284547
1 0.756973140495868 0.060606060606060615 0.046487603305785115 0.11845730027548211
1 0.9807592975206612 0.6556473829201102 0.03848140495867753 0.06611570247933883
