0 0.44063548302677463 0.516976065822366 0.21093750000000008 0.12133912924714385
1 0.5587668249099471 0.6394424240610582 0.04819171348314591 0.23325556080297521
1 0.6430828651685399 0.6594101123595508 0.04740168539325855 0.20084269662921297
1 0.7209658714301752 0.41410827373313813 0.04449176138197748 0.2463823986946083
1 0.7576369382022472 0.43539325842696625 0.11692415730337075 0.08988764044943821
1 0.7102352528089887 0.8110955056179776 0.04740168539325836 0.1783707865168539
1 0.8556004213483146 0.9206460674157304 0.11218398876404492 0.09129213483146074
1 0.4037043539325843 0.10042134831460674 0.05846207865168544 0.1896067415730337
1 0.44044066011235955 0.30758426966292135 0.05293188202247194 0.20786516853932582
1 0.49376755617977525 0.2794943820224719 0.0616221910112359 0.21629213483146068
1 0.2401685393258427 0.523876404494382 0.0632022471910112 0.2191011235955057
1 0.3065308988764045 0.4311797752808989 0.0647823033707865 0.2050561797752809
1 0.06083216292134831 0.40449438202247195 0.11850421348314606 0.10674157303370783
1 0.05648700842696629 0.27457865168539325 0.11297401685393257 0.11938202247191007
1 0.22746336749433588 0.7825799708616253 0.14062499999999994 0.11235955056179789
1 0.31125758103212714 0.7793317313988526 0.041871488764044784 0.1817625439379974
1 0.4060527194716855 0.8360361526183832 0.046676591118977956 0.21357934431276038
1 0.5565747893258427 0.7521067415730337 0.10823384831460664 0.07162921348314598
1 0.3391128182677629 0.2564952484429544 0.06243434984828002 0.23464371158451644
1 0.648218047752809 0.9339887640449439 0.11771418539325836 0.08146067415730343
1 0.8126795016827504 0.7710265991474133 0.05719324543347496 0.2336419685392038
1 0.30984069411389803 0.3317667470614628 0.041081460674157105 0.23836058397978935
1 0.1651192506195691 0.21527450302680037 0.05530196629213466 0.23896882396122077
1 0.12262765838799403 0.8983755875461212 0.053721910112359404 0.176882460724466
1 0.2097524578651685 0.9375 0.059252106741573024 0.125
1 0.3191713483146067 0.9136235955056179 0.11376404494382025 0.1081460674157303
1 0.4056794241573033 0.9044943820224719 0.060832162921348285 0.18539325842696627
1 0.5660551264044943 0.9613764044943821 0.051351825842696715 0.07724719101123596
1 0.6167925050074959 0.8816378578892389 0.11539045659376307 0.10384589369184233
1 0.5725198979825915 0.8859438538298712 0.05085148931026784 0.21427474170264818
1 0.7576369382022472 0.9557584269662922 0.0963834269662921 0.07724719101123596
1 0.2561232898569276 0.02505445017266585 0.05145278545636059 0.05010890034533169
1 0.5206285112359551 0.14676966292134833 0.07742275280898873 0.06882022471910114
1 0.7059147824233424 0.14668262658010156 0.039924952446154696 0.17816358208154606
1 0.6050664137415732 0.6008555955724727 0.046611657303370795 0.22649592895783854
1 0.7611040230861456 0.49863157383519713 0.11771418539325833 0.09971910112359567
1 0.9370467791988628 0.7766903623769746 0.05436434799050675 0.1994438608885886
1 0.8597791737607935 0.8054317719061592 0.043946529485373115 0.20399836811998928
1 0.8234404203295298 0.5032039042889245 0.04661165730337054 0.21447351625005656
1 0.9744179368647883 0.364369865372543 0.04977176966292122 0.22066267567561476
1 0.9291122014810084 0.2647541840788512 0.05229387723099617 0.21456159807389913
1 0.8924282939748837 0.12426058925240248 0.04503160112359527 0.1613021497975346
1 0.9748864373055355 0.576481633062143 0.0502362099296489 0.16498980010117098
1 0.9887456971549602 0.7889211175543989 0.059866573033707765 0.0698026428837135
1 0.6138789271210132 0.5181046906398801 0.05390378339449144 0.24098052370127707
1 0.719029073207861 0.3792537863283669 0.060100256904889696 0.23740308950557076
1 0.6253072331460673 0.044241573033707876 0.10349367977528083 0.07443820224719101
1 0.6304581318613321 0.1768796720119354 0.057866238521302404 0.21729275959399305
