0 0.4225734200288742 0.5542656271238954 0.20013397417217949 0.1279798527718521
1 0.13162426968876934 0.9018817662565791 0.04829991508490849 0.20649797414747895
1 0.27120361426992107 0.8763410133950263 0.049505597598486516 0.20701708444929154
1 0.19940855772878874 0.8982509372504617 0.045442068158744034 0.22065458752172973
1 0.2975896070127747 0.7512143592027566 0.039062222525585985 0.22671329337715726
1 0.24289772727272727 0.509641873278237 0.053460743801652874 0.24517906336088152
1 0.29364669421487605 0.46212121212121204 0.04338842975206607 0.22451790633608815
1 0.05849690082644629 0.384297520661157 0.11699380165289258 0.09917355371900825
1 0.13732152257075728 0.28263084170022446 0.04611088813653372 0.21200385333954996
1 0.34936677387245185 0.3112832012729672 0.04036211115607422 0.1962419748755167
1 0.6569707056956191 0.9186600084702247 0.10164767670419605 0.07577599907016926
1 0.7348278875106539 0.783834965463692 0.0470780945370019 0.18160879563530916
1 0.5803202479338841 0.942148760330578 0.04648760330578517 0.11570247933884276
1 0.40016994344882056 0.9395049642023154 0.04070517265302662 0.19529564789226103
1 0.5247261710320719 0.9338199094435577 0.11812071951058636 0.07859165406720482
1 0.6162563932466729 0.9887986292933019 0.04673351633677418 0.21179407214843957
1 0.7748111105138662 0.7570008030539698 0.04558260062557545 0.23841208164911162
1 0.9224081369174651 0.5955676906100578 0.04391400618734389 0.19568584251232735
1 0.9368816743371556 0.7681357025663863 0.04774711673264816 0.18219641191427782
1 0.9353284171427697 0.881620819595495 0.04027987864061204 0.15437936822404785
1 0.9842458677685951 0.6563360881542699 0.031508264462809875 0.0730027548209366
1 0.7266512216490064 0.6746714485524474 0.046756495083202475 0.21615425106590697
1 0.6408744229459427 0.6319742557290631 0.04770955486577186 0.19628618938169545
1 0.5574824070866652 0.66791547457673 0.04717131130208586 0.21544511153736084
1 0.386543820028674 0.7450549550824551 0.0475084545989859 0.21950564600558833
1 0.6244834710743803 0.47382920110192844 0.1286157024793389 0.07988980716253444
1 0.3090006510392391 0.28809199849744116 0.042443151191051603 0.23043910714923535
1 0.43312995774271634 0.08919511209206452 0.04986415370203226 0.1767873996883541
1 0.3099106751255021 0.05653117157072002 0.03719008264462796 0.04683195592286532
1 0.445809759726573 0.38014312049696986 0.041250008043930524 0.20504637429708128
1 0.46637759401291523 0.2748797083977748 0.049252685821995164 0.21002979518218698
1 0.5091114918725768 0.2587966127577537 0.04319719657506263 0.2135117799879656
1 0.6608055846903362 0.30317908082227824 0.04593925708499013 0.23172365727260652
1 0.7272284950183766 0.34961095881018267 0.04103216316877964 0.20700367902956845
1 0.8151086493924304 0.4192641732596896 0.043936990112049525 0.17387026693359398
1 0.7202775771712683 0.22690670587976902 0.13650618295598524 0.07813954559626735
1 0.6814621784962016 0.18103895842287193 0.04490035265815349 0.21519751330168432
1 0.5564657195816073 0.09937593974119968 0.08261130875862945 0.06956601531316481
1 0.8213898716051932 0.43113053384773153 0.046276557180750154 0.22222584510276092
1 0.9415885376528523 0.3679161648822317 0.10243700893399006 0.075757575757576
1 0.9429988762610286 0.22445668714071487 0.05045437620168032 0.19956053177095678
1 0.9195050006576271 0.08167470720628804 0.044825649345623206 0.16268627384991186
1 0.39008229052732707 0.909653459483599 0.043490770877876665 0.19926320373893155
1 0.7546487603305786 0.059228650137741055 0.046487603305785115 0.11845730027548211
