0 0.4351111798714836 0.510955855141289 0.21310905323217366 0.15620928943386525
1 0.3001288597738661 0.460064140936591 0.053674854825267564 0.22971954328509586
1 0.245460026155538 0.5116626845052433 0.06202427668697588 0.23254686074091238
1 0.7486720384980913 0.44526889964545463 0.11112146080075505 0.1003697696814875
1 0.659490052413693 0.40336915271226387 0.12378532005530472 0.0792985736678077
1 0.7331474196054774 0.22426107321745545 0.1411794781667073 0.08507159430066977
1 0.7910656576986805 0.7547302107079128 0.05049412268747403 0.22618539646532512
1 0.8590538071440196 0.9098792560958466 0.11013285027110455 0.08411269431054294
1 0.6563653257726321 0.9195439268449604 0.10575934358163783 0.06785561893959725
1 0.7358099964248036 0.778291228132168 0.04930134813580067 0.19205082479895402
1 0.5115588210900648 0.25905296188919275 0.05526522089416453 0.21841027346182962
1 0.4515225019892072 0.2869727217653787 0.05287967179082487 0.19932588063506274
1 0.23716334002423792 0.9035177918202596 0.05924113606640649 0.19013709890366384
1 0.327215462494496 0.9315473788236729 0.11623328905532944 0.08102268350427085
1 0.12729458194076732 0.9078771980882122 0.04101920562255239 0.20886917496033386
1 0.06262066396281171 0.3862822474009372 0.12524132792562342 0.08835367049426919
1 0.059837523342242654 0.2502175948397651 0.11728949758114007 0.10602440459312099
1 0.33313211983191904 0.31460720534281017 0.04491733810951406 0.20653810103876236
1 0.3050432425698767 0.26930165325714617 0.045325432963558586 0.21669296471580832
1 0.5692733679360173 0.6603918773327259 0.05566281241138785 0.22568984235871764
1 0.6452910324548782 0.633672524784885 0.04055433475686845 0.20003270999902642
1 0.7757654018207547 0.5202104076101712 0.12280560380877033 0.08552635303845008
1 0.7613690553283153 0.9223608640201196 0.0853880449214582 0.07633757130704873
1 0.9351761079958558 0.7816026448070806 0.035783236550177636 0.19863227674662165
1 0.938712876671171 0.8606333487832301 0.04142852220391003 0.12673436089956422
1 0.9330518593555293 0.6059632449168314 0.0413495177913165 0.20686362132554512
1 0.4527788911836374 0.38549059851329276 0.048188091887577375 0.2145933948964691
1 0.4316501277365361 0.08998776726712159 0.04601573350765516 0.1757345583505187
1 0.5785529917423405 0.9434536508836645 0.04373506689466769 0.11309269823267126
1 0.6202523976992383 0.974547247869051 0.04101368901238164 0.18471930129757974
1 0.5831836777302505 0.6026335749094285 0.036575103662087674 0.2356123347509269
1 0.6520630168588031 0.29047111725333785 0.04746196940431445 0.22226707727909323
1 0.6777839978494926 0.1819577706732003 0.04110544449858595 0.20949026118319625
1 0.8145922342828337 0.4478214742234154 0.04234919699010767 0.21579326070788238
1 0.9339281733421525 0.5076558914650652 0.043443573319433076 0.16380699656257758
1 0.9129900582689975 0.4403794263583547 0.0445708959076236 0.18401694919368083
1 0.988271050241886 0.6639026374398059 0.023457899516227912 0.061494154664010384
1 0.9289380409468442 0.27028493331453496 0.04293988386021359 0.16934302443648974
1 0.31221453000816324 0.0551608771682634 0.039062499999999896 0.054166666666666946
1 0.397174648723486 0.7632812406474059 0.052343749999999786 0.2151093625549327
1 0.2095888353654894 0.9007712057500835 0.050640248620552164 0.21710865770140458
1 0.39986004678929804 0.9440370879735159 0.042187499999999795 0.17244946563001257
1 0.29751876064434235 0.7711358397329826 0.04469906296629137 0.22669993954616394
1 0.5478283666587564 0.10202311361095905 0.07151590148177445 0.058513200326933426
1 0.7538739669421488 0.04889807162534435 0.049586776859504196 0.0977961432506887
