0 0.43288592852573643 0.5059332222938216 0.20584274985038342 0.11827962172581476
1 0.45214294538528527 0.27216353366195967 0.05208542027158229 0.21258818833224363
1 0.34897540543182715 0.2458042846357662 0.04346887497140567 0.22672780794129926
1 0.49421845860930047 0.2632796768051191 0.051324907284594296 0.22159325049856668
1 0.5472435385538275 0.0996959022945589 0.08500853241857055 0.06933414391165173
1 0.6581989586172752 0.17920704029726633 0.0421003353611185 0.20938069207711402
1 0.7482660399917751 0.20411321015004988 0.14520159226584917 0.08720007769379419
1 0.7445986520312614 0.43437945238106307 0.11161130631729249 0.0719333209679443
1 0.5747081794107335 0.611674615210639 0.045079019096522115 0.21821383273497147
1 0.6392037639614803 0.6377444093869409 0.04426433802851271 0.18635075096393577
1 0.7729176007420773 0.5162545657046619 0.11564162968271302 0.08680986212024377
1 0.5979718261536978 0.6006646894346855 0.044321200478396924 0.2174671458929126
1 0.7305747721790516 0.36192895199593494 0.049619367695258834 0.22252495498921646
1 0.6415792357540739 0.28507516583093134 0.04433593218701593 0.21474259946274596
1 0.9045210706334147 0.08654941210808674 0.040912166878566227 0.17301543867671096
1 0.7469057482050689 0.05696732801488194 0.054312071200628795 0.11393465602976388
1 0.41465165263522125 0.09172705358328448 0.0464368208765378 0.18345410716656896
1 0.2614916118494475 0.2746983867836256 0.125732444829456 0.08496821805609514
1 0.05485519191263526 0.3787361765057193 0.10971038382527051 0.09220982754951229
1 0.06238960167712233 0.26008971612126686 0.12477920335424468 0.09393042670987403
1 0.1654169837093453 0.22472716235226842 0.04597279683647371 0.2243243841933574
1 0.24861350592087916 0.03282862970349129 0.04806618301255661 0.06565725940698258
1 0.2446758807588335 0.5042574077249508 0.05648455404865416 0.22931763395821114
1 0.29613656822143036 0.4429451140140188 0.04915242443656909 0.2235243463634779
1 0.22919694046665426 0.9114109771971962 0.05159646764059755 0.1646259224836841
1 0.12007012034048671 0.892301421628553 0.05351851924606228 0.18788400692954924
1 0.21916686019627094 0.7550854275123426 0.1216590394894092 0.09220982754951292
1 0.3255688283219494 0.9033813145907625 0.1278847121415814 0.08526135621511174
1 0.29137238703246204 0.7692623531938786 0.04099004649986706 0.24692728591449697
1 0.5588712126544731 0.7315776747773368 0.10102045243316846 0.07434719079908177
1 0.7330117808891665 0.7845200239746325 0.043005509390871215 0.18477182721045082
1 0.8031732734833397 0.7419565338722072 0.04489301544694079 0.2268988833102393
1 0.8602821968363821 0.9089971073660574 0.1170425134373555 0.07869215649513364
1 0.7676543651277185 0.9270289867057089 0.10553552571550982 0.06324338957584387
1 0.9474465791059785 0.8587243462730001 0.04034575629218447 0.10751424813591717
1 0.9412263791313733 0.7745987253225057 0.04687179532714022 0.18205469479761688
1 0.9373070951976807 0.6224317574610356 0.03966619803199831 0.20234640538888476
1 0.8188005246520905 0.4549039812726132 0.04641615012431277 0.21750123583544048
1 0.9313886643327823 0.5164295115072189 0.044837888733360094 0.16845928206714567
1 0.9290013083823558 0.24214551244184487 0.048660524166427244 0.1830485416460108
1 0.990625 0.6395833333333334 0.01875 0.05972222222222221
1 0.65546875 0.9090277777777778 0.10781249999999991 0.08750000000000015
1 0.57578125 0.9486111111111112 0.05000000000000007 0.10277777777777772
1 0.4122795230253659 0.9091854810825103 0.04687499999999984 0.1878555726870876
1 0.3957669628316006 0.7920280066564602 0.05327573083068654 0.2153738350077012
1 0.6282684453588037 0.8546474016859696 0.10703124999999984 0.07083333333333336
1 0.579231668703413 0.8635762369059363 0.045192257924110156 0.20820896540009307
