0 0.4197957823949522 0.5633288845590921 0.22222426212153143 0.13687629951615288
1 0.511202796217936 0.25606391355282276 0.05505374141385687 0.2230601202504589
1 0.47169099249501983 0.27988713097891393 0.04765594340378618 0.21030455368501177
1 0.6376019647658753 0.4563678927023198 0.12688116084389334 0.09054173712091027
1 0.6437158714815219 0.638452691125038 0.05249310227832872 0.1843660177580324
1 0.8638232265055992 0.8950469640338722 0.11522876109877009 0.08307851417491598
1 0.7354969148721021 0.788359251527786 0.05505374141385725 0.1855040795960456
1 0.786186632183393 0.7530405811512783 0.04865214357503623 0.23899298598263322
1 0.24582135701070984 0.5166800744576956 0.056334060981621054 0.2344407386305843
1 0.29575382015351026 0.4563627970430308 0.0460915044395081 0.22078399657443376
1 0.2797655370794896 0.31361435835271545 0.09602396758230873 0.08080239049889118
1 0.3446355307396496 0.2572698215186875 0.051987259739063194 0.21707675028492976
1 0.5654342766547549 0.6605315879423602 0.04705026979453424 0.20579862487199882
1 0.7307375668429376 0.6560642177691524 0.04861489579050692 0.20810892686313567
1 0.9049987868347827 0.81516912936424 0.05217784300067484 0.20256884314771717
1 0.6195943279379327 0.9818781757045923 0.04389677234374609 0.19757036865506122
1 0.45308342274466645 0.3002163795463917 0.04233416870214253 0.19289216395570832
1 0.5952133896458021 0.514764603880091 0.03994191035186338 0.21788941061048223
1 0.6374795079767234 0.5332041058978002 0.04256217637387896 0.21320778210331626
1 0.7437651139116244 0.5798861620572969 0.04465697828662802 0.17914763022502883
1 0.8169759740881424 0.4369175516356917 0.042430544060447585 0.20814514705325649
1 0.5793446044132615 0.9453730317753979 0.04737182400727221 0.10697781277317915
1 0.24478008534196669 0.8875711846585886 0.05416705808279568 0.19247530063595067
1 0.12767718016169624 0.9030049775451477 0.04430754318102725 0.2096718471468972
1 0.3965816948435547 0.9229547197430763 0.04177905724058263 0.2100791072282246
1 0.19791213596667656 0.9125003283338067 0.04584421018525382 0.23888500184940956
1 0.2961553450159694 0.7636474975772762 0.03982423453144076 0.23679902225928615
1 0.39310231065675383 0.7454069258778834 0.04416212456195034 0.20349885266511417
1 0.4032817000683938 0.9326248748147598 0.035906989478514284 0.19396129138230017
1 0.6524028878680685 0.9243587315997763 0.09350901931438883 0.06714598709893636
1 0.3021601614899592 0.281179566658768 0.04496506845720019 0.21191631926067253
1 0.059906960798686695 0.28403315202324864 0.11981392159737343 0.07162595574928401
1 0.061273031893041834 0.3680697176375741 0.10818700347606791 0.08194045233690385
1 0.2535032744172949 0.03414185514037643 0.05249310227832908 0.06600758660472775
1 0.6016362025257136 0.3547348617093499 0.04139559117005887 0.20648426080290694
1 0.6976651419564309 0.38816487169464353 0.04497448156153279 0.2489104404338457
1 0.9338703212388596 0.7771738760500285 0.056701728642419486 0.1879042007917798
1 0.9862365646465358 0.6580124176772302 0.027526870706928292 0.06942177211876527
1 0.9245343474911195 0.5007519796977047 0.038973703488835595 0.1744822757847154
1 0.9330108192475189 0.23246716558321825 0.045939806614667435 0.17923733930568
1 0.9182444466891743 0.08092956654699643 0.037904873352117736 0.1598904892394542
1 0.5539098854344797 0.09088883900836545 0.07266227075910596 0.06013361271310657
1 0.7542613636363638 0.05440771349862259 0.0426136363636364 0.10881542699724518
1 0.9553202479338845 0.7679063360881543 0.08522727272727267 0.081267217630854
