1 0.915376306407949 0.7617164424478992 0.03660318824041201 0.1211514722553924
1 0.9544163223140497 0.6866391184573004 0.09116735537190067 0.08126721763085414
1 0.8681559917355373 0.8884297520661157 0.11544421487603301 0.07713498622589526
1 0.7823913980751723 0.8880820112636774 0.11140194743260605 0.07584933136164507
1 0.7460213762833275 0.7546287554740667 0.050401287444766754 0.18066713638687878
1 0.764972173194885 0.764012344467491 0.049094857047968524 0.2053204813776655
1 0.9250056997129807 0.5652389100254264 0.04385034124659795 0.2123921041179839
1 0.8173231218153717 0.41524479051848234 0.048501592598623196 0.22143882294639575
1 0.8937183511725243 0.25602459398066235 0.1238211981392027 0.07910488537182712
1 0.9095914639226177 0.43785727537072605 0.039986751375227406 0.17531292092697576
1 0.9159865521204512 0.06995562219989482 0.04521004893623809 0.13942317444283472
1 0.8146940132663794 0.3848925919889449 0.051705296260578223 0.1860115412246661
1 0.7721171463944196 0.510619499278026 0.12319715918196224 0.07855976377018245
1 0.5776084710743803 0.4497245179063361 0.12009297520661164 0.08402203856749317
1 0.6531508264462811 0.6143250688705234 0.048037190082644586 0.17630853994490367
1 0.7040111338304942 0.7932632790847953 0.045425282470020305 0.2113548829401505
1 0.6552167215240946 0.8976998373466365 0.0996097530542419 0.07400946119359246
1 0.5731544841673262 0.9517203910347773 0.04844015765272966 0.127391359679026
1 0.575241536794405 0.8484096823711943 0.04322133313410667 0.20599654866265213
1 0.5492695946234324 0.6074025425431289 0.1280040425002879 0.08339522450798656
1 0.3585782241461288 0.8450597176688599 0.048917517045238966 0.21368235696871968
1 0.4659017637234281 0.828590557740754 0.11349164993489752 0.0875372154159872
1 0.3067354289240802 0.846648537593891 0.05279464725525617 0.20461079603998913
1 0.13916485906883083 0.8884520212294165 0.05231508980360821 0.2287389263824884
1 0.23717955061554705 0.4807474974721749 0.04822830578918599 0.2571360605422414
1 0.23286412932399606 0.7284101770905734 0.11483178656660922 0.0838748434237157
1 0.29414920616368045 0.7413931743066468 0.0406809434814413 0.25002249955083233
1 0.3840395089414669 0.7050970416651978 0.0442132755798953 0.2108767648742159
1 0.07114750880506668 0.3041213846980055 0.12039063810564152 0.07684524575625903
1 0.06224046080083923 0.2420102265689976 0.12436719046209262 0.08343202074810321
1 0.2587892988651966 0.272317944121858 0.12241735537190071 0.08815426997245217
1 0.18860387659017977 0.2074502870037562 0.05440153818550706 0.23497455074852186
1 0.2587809917355372 0.01997245179063361 0.03564049586776861 0.03994490358126722
1 0.6610993653884377 0.37124944978569474 0.1278765642309385 0.07909583569743944
1 0.6386710512989705 0.2601949657409248 0.04156251287585579 0.22017485282191818
1 0.8380005448252326 0.19806345878329257 0.14074993567597063 0.09169115410714608
1 0.6115242303750555 0.2987778554069949 0.04466428601811713 0.20932331105411828
1 0.4939324801615667 0.20484268624114063 0.05189581486732376 0.2129767679714153
1 0.451398758201746 0.25869546861242226 0.03994533668802685 0.20796653261781312
1 0.3656539233587109 0.1921650815931759 0.061208677685950355 0.21487603305785152
1 0.4680249665199584 0.2432744619877818 0.045712809917355296 0.15979416936493115
1 0.7635588842975207 0.05027548209366391 0.0426136363636364 0.10055096418732783
0 0.41499638797529587 0.5672916176015489 0.1924055344196872 0.13332462588495034
1 0.2952726044783458 0.48927715891616536 0.04852558830862494 0.2512554874263353
