0 0.4597988119646736 0.4876830783472988 0.21354211540943913 0.14819149123260672
1 0.33820478870846926 0.41473957767950703 0.1501938440990758 0.10540124924509145
1 0.23702585212082247 0.2665262721641556 0.0561183808130002 0.23706571255391962
1 0.14833005358375778 0.365750719860928 0.059355979706057695 0.19281700074210367
1 0.2571495398526666 0.11775560078710402 0.0488661012744309 0.20418284290791872
1 0.45991746678240597 0.1613927963895105 0.04316754032982169 0.24274879403348848
1 0.3751826785197644 0.13638167098858145 0.05352830169855549 0.18811648679366594
1 0.5347693239567355 0.13350380530586356 0.04505658459505438 0.23090075661007373
1 0.5853298266699872 0.08705543690221931 0.053420381735452695 0.17411087380443863
1 0.6769482176467736 0.13894699197228577 0.05539004866441743 0.17835112179764645
1 0.8270799392227987 0.12418305794210671 0.1509947209288533 0.08782204108860336
1 0.6611934750569958 0.36244858572079575 0.12478443710388643 0.10235608944867045
1 0.7710986746401925 0.2433703400457986 0.041843915861372635 0.19230635537391236
1 0.9014527056759856 0.12149324453755274 0.0970599808343145 0.07630931479004584
1 0.7911044878835609 0.28522788526927045 0.06291733848842204 0.22270914320308358
1 0.9025875381988704 0.3498045737343721 0.06232377869136158 0.2268717446542685
1 0.8874766241381897 0.6104141605653328 0.04807220659620882 0.2226748415376246
1 0.9034778778944612 0.6779771904203139 0.051046142547210425 0.16989000413645222
1 0.7941705654775727 0.4949114158624628 0.04839640805136835 0.21225472355437572
1 0.6867115772561216 0.4846469469008435 0.11586287238622597 0.121350002954609
1 0.09829166438741581 0.07283103511382275 0.05901113688684442 0.14475373188774873
1 0.07954273979966535 0.47892936879506814 0.12166432584269642 0.11235955056179799
1 0.7469715589887642 0.6018258426966291 0.1003335674157303 0.0772471910112359
1 0.9660850472745498 0.23775624537577358 0.0695149535084034 0.07861954541226349
1 0.9870523174157303 0.11587078651685392 0.025895365168539398 0.11095505617977526
1 0.9059504755150249 0.8804258738538348 0.12042573386599993 0.08634249131273097
1 0.7410463483146067 0.8174157303370787 0.06478230337078657 0.20224719101123584
1 0.83031952247191 0.7844101123595505 0.09954353932584267 0.08286516853932657
1 0.8157545819403674 0.905321148794497 0.05794001979383419 0.2171221151648574
1 0.5451193820224719 0.9136235955056179 0.05846207865168544 0.17275280898876402
1 0.5944961376404494 0.8455056179775281 0.057672050561797764 0.19943820224719105
1 0.5547977731574822 0.6000394837999223 0.05609199438202231 0.21348314606741592
1 0.5402465347715153 0.7383149373081753 0.060487536583716334 0.21308640746757845
1 0.41002457865168546 0.7535112359550561 0.04898174157303373 0.2205056179775282
1 0.29566714984369824 0.816577181381901 0.0545429316435175 0.2522138397822217
1 0.4042009188431039 0.6373132289244914 0.12480763171474023 0.07941170295914735
1 0.6616485252808988 0.6727528089887642 0.08927317415730329 0.12640449438202253
1 0.9616836376404495 0.9360955056179776 0.0766327247191012 0.10252808988764045
1 0.41862776734572543 0.8783011754718363 0.061304694858753894 0.24851330584077466
1 0.4877046935365111 0.7006613417612787 0.04375870393077703 0.22558638180794965
