0 0.40122061280321986 0.5594425004372586 0.19601466460584396 0.16452816452816468
1 0.41809991809991814 0.19656019656019658 0.06961506961506964 0.2184002184002184
1 0.2903357903357903 0.13904813904813904 0.0909090909090909 0.23150423150423152
1 0.0995085995085995 0.21184821184821184 0.11384111384111381 0.14414414414414412
1 0.13022113022113022 0.32323232323232326 0.08353808353808354 0.1951041951041951
1 0.2723177723177723 0.29848029848029844 0.13349713349713346 0.10483210483210481
1 0.2637182637182637 0.48484848484848486 0.08517608517608516 0.2475202475202476
1 0.1850941850941851 0.6224406224406224 0.06060606060606061 0.1383201383201383
1 0.291973791973792 0.7032487032487031 0.1285831285831286 0.09900809900809904
1 0.28583128583128586 0.8546728546728546 0.06552006552006556 0.19801619801619808
1 0.38124488124488126 0.8422968422968422 0.07452907452907453 0.1645281645281645
1 0.11466011466011466 0.9005369005369005 0.09828009828009826 0.1587041587041587
1 0.6003276003276004 0.503048503048503 0.12612612612612623 0.09755209755209755
1 0.6977886977886979 0.588952588952589 0.057330057330057256 0.23150423150423152
1 0.7784602784602785 0.7622167622167624 0.06633906633906647 0.20529620529620515
1 0.846027846027846 0.6719446719446719 0.12448812448812462 0.12084812084812085
1 0.8169533169533171 0.5183365183365184 0.13677313677313677 0.13104013104013107
1 0.902948402948403 0.382928382928383 0.1302211302211302 0.10483210483210477
1 0.7714987714987714 0.3945763945763946 0.12776412776412782 0.11356811356811364
1 0.5618345618345618 0.2780962780962781 0.07534807534807535 0.18054418054418053
1 0.585995085995086 0.16452816452816454 0.12039312039312038 0.13104013104013107
1 0.7133497133497133 0.21985621985621984 0.081900081900082 0.20966420966420962
1 0.8832923832923834 0.18855218855218855 0.12858312858312856 0.11502411502411503
1 0.9627354627354627 0.29192829192829195 0.07452907452907453 0.04513604513604516
1 0.9504504504504504 0.5707525707525708 0.07780507780507775 0.1601601601601602
1 0.9549549549549551 0.741832741832742 0.06715806715806721 0.16161616161616152
1 0.9189189189189189 0.8772408772408773 0.10974610974610982 0.10337610337610358
1 0.8144963144963145 0.9420329420329421 0.11384111384111392 0.08736008736008742
1 0.7055692055692055 0.8947128947128948 0.11056511056511056 0.08299208299208302
1 0.6785421785421787 0.7673127673127672 0.09746109746109745 0.11065611065611065
1 0.5171990171990172 0.6217126217126218 0.0696150696150697 0.25043225043225026
1 0.5687960687960688 0.8524888524888524 0.08108108108108113 0.1383201383201383
1 0.6412776412776412 0.9252889252889253 0.05896805896805901 0.12958412958412965
1 0.024979524979524978 0.398944398944399 0.049959049959049956 0.22422422422422422
