0 0.5027390438247014 0.4701195219123507 0.05677290836653359 0.16998671978751684
1 0.4967629482071713 0.6274900398406374 0.07918326693227094 0.0544488711819389
1 0.5516683266932272 0.696547144754316 0.03660358565737056 0.12084993359893759
1 0.42953187250996017 0.7835325365205844 0.0463147410358566 0.10889774236387793
1 0.44260458167330685 0.9316069057104914 0.023157370517928228 0.09694555112881816
1 0.4975099601593626 0.8598937583001327 0.07171314741035857 0.0624169986719788
1 0.6323456175298806 0.42297476759628155 0.04407370517928286 0.11819389110225764
1 0.7305776892430279 0.29548472775564405 0.06872509960159362 0.06241699867197876
1 0.8045318725099603 0.3539176626826029 0.06274900398406373 0.04913678618857901
1 0.9191982071713148 0.35790172642762286 0.04257968127490045 0.1155378486055777
1 0.786230079681275 0.6241699867197874 0.0485557768924302 0.04249667994687904
1 0.8439876581849746 0.7373336937038928 0.059013944223107545 0.06108897742363886
1 0.9185733269969937 0.4795053338886925 0.058985339874144144 0.04695466101196785
1 0.6648406374501993 0.22177954847277553 0.07470119521912345 0.053120849933598925
1 0.9643341510779746 0.16402993350393438 0.06499003984063739 0.06507304116865874
1 1.0068769368616928 0.14226113703345725 0.052290836653387275 0.06108897742363941
1 0.6936005976095617 0.7855245683930943 0.036603585657370416 0.12084993359893759
1 0.5748256972111555 0.4807436918990703 0.062001992031872524 0.05843293492695885
1 0.416085657370518 0.47808764940239046 0.07021912350597603 0.06640106241699868
1 0.44062890524934517 0.3234086266258609 0.03190403927142718 0.11386029076119772
1 0.5363545816733069 0.07968127490039842 0.03436254980079674 0.1407702523240372
1 0.6037134896727019 0.8350071018328877 0.06797808764940239 0.06507304116865884
1 0.6281411373427248 0.7019801747239346 0.0620019920318724 0.057104913678618904
1 0.7275718650494576 0.497170057325988 0.06555917655432923 0.06317737401461501
1 0.8057971368655958 0.5869669969420355 0.06555687798166467 0.06113971850729856
