0 0.5155961729081066 0.4135910343921681 0.10609346303384083 0.09296148738379836
1 0.619272908366534 0.4920318725099601 0.02838645418326699 0.12084993359893752
1 0.6980826693227092 0.44090305444887123 0.021663346613545825 0.11155378486055781
1 0.5890189243027889 0.6135458167330677 0.04257968127490045 0.09030544488711811
1 0.6958416334661357 0.6427622841965471 0.03510956175298802 0.08764940239043824
1 0.7197460159362551 0.5398406374501993 0.051543824701195146 0.05710491367861891
1 0.5042330677290837 0.8187250996015937 0.06723107569721115 0.05710491367861891
1 0.2659362549800797 0.6885790172642763 0.035856573705179286 0.09960159362549803
1 0.2379233067729084 0.5810092961487383 0.03361553784860561 0.11288180610889775
1 0.2730328685258964 0.39243027888446214 0.03212151394422311 0.10491367861885792
1 0.35146912350597614 0.46679946879150064 0.04257968127490038 0.08100929614873835
1 0.4220617529880478 0.3977423638778221 0.05677290836653391 0.046480743691899064
1 0.4657619521912351 0.3240371845949535 0.03212151394422314 0.07171314741035864
1 0.5012450199203188 0.3147410358565737 0.03436254980079681 0.08233731739707842
1 0.5539093625498008 0.35126162018592294 0.024651394422310773 0.0942895086321381
1 0.5979830677290837 0.31673306772908366 0.045567729083665326 0.05710491367861888
1 0.6521414342629482 0.32536520584329354 0.029880478087649466 0.06640106241699868
1 0.6349601593625499 0.21181938911022577 0.02390438247011957 0.10225763612217793
1 0.6073207171314742 0.15405046480743692 0.02689243027888445 0.1142098273572377
1 0.5938745019920318 0.23373173970783534 0.031374501992031796 0.07436918990703849
1 0.5124501992031874 0.1945551128818061 0.035856573705179355 0.1155378486055777
1 0.5046065737051794 0.07768924302788843 0.027639442231075718 0.0942895086321381
1 0.45941235059760965 0.2257636122177955 0.0463147410358566 0.058432934926958814
1 0.41832669322709165 0.29282868525896416 0.035856573705179286 0.10225763612217798
1 0.3600597609561753 0.3081009296148738 0.059760956175298786 0.06640106241699865
1 0.3764940239043825 0.20783532536520583 0.02241035856573703 0.07569721115537849
1 0.4138446215139443 0.15405046480743692 0.02838645418326699 0.06905710491367863
1 0.4601593625498009 0.14674634794156705 0.03735059760956183 0.046480743691899064
1 0.2707918326693228 0.1832669322709163 0.032121513944223065 0.11420982735723773
1 0.2805029880478088 0.3107569721115538 0.054531872509960166 0.03718459495351922
1 0.35146912350597614 0.08366533864541832 0.04257968127490038 0.0743691899070385
1 0.7496264940239044 0.30411686586985387 0.02913346613545812 0.09561752988047811
1 0.6842629482071715 0.13213811420982735 0.03286852589641441 0.08366533864541834
1 0.4172061752988048 0.6135458167330677 0.03660358565737056 0.10092961487383789
1 0.48032868525896416 0.596945551128818 0.04183266932270918 0.07304116865869859
1 0.5128237051792829 0.5737051792828685 0.030627490039840596 0.09296148738379813
1 0.31673306772908366 0.5657370517928286 0.043326693227091685 0.0690571049136787
