0 0.48938227986831234 0.4779670658362042 0.05369836987983625 0.1771782642924127
1 0.5064741035856575 0.3339973439575033 0.02390438247011957 0.09960159362549796
1 0.4478336653386455 0.3598937583001327 0.05602589641434264 0.04780876494023907
1 0.4485806772908367 0.4721115537848605 0.0470617529880478 0.08100929614873835
1 0.46314741035856577 0.5312084993359893 0.040338645418326706 0.07436918990703859
1 0.5344870517928287 0.6069057104913678 0.03361553784860561 0.10092961487383796
1 0.5793077689243029 0.6381142098273572 0.03212151394422314 0.09428950863213807
1 0.6521414342629482 0.6075697211155378 0.02689243027888459 0.1075697211155378
1 0.694347609561753 0.6666666666666667 0.036603585657370416 0.07702523240371853
1 0.41757968127490047 0.7689243027888446 0.040338645418326706 0.05312084993359889
1 0.35109561752988055 0.6872509960159363 0.059760956175298856 0.05179282868525902
1 0.32532370517928294 0.6215139442231076 0.07395418326693232 0.037184594953519154
1 0.33017928286852594 0.5272244355909694 0.055278884462151366 0.061088977423638724
1 0.2655627490039841 0.5790172642762283 0.033615537848605576 0.05843293492695892
1 0.28162350597609564 0.3114209827357237 0.04482071713147406 0.062416998671978766
1 0.24315239043824705 0.29349269588313415 0.029133466135458193 0.10358565737051798
1 0.46501494023904383 0.15471447543160688 0.0231573705179283 0.11288180610889773
1 0.5087151394422311 0.2158034528552457 0.03286852589641434 0.08100929614873835
1 0.5445717131474105 0.18592297476759626 0.02689243027888459 0.10889774236387784
1 0.572211155378486 0.20584329349269587 0.0239043824701195 0.0849933598937583
1 0.598730079681275 0.1699867197875166 0.029133466135458193 0.07436918990703852
1 0.6237549800796813 0.14143426294820716 0.026892430278884376 0.08632138114209828
1 0.6551294820717132 0.16865869853917662 0.02838645418326692 0.07436918990703853
1 0.616284860557769 0.27091633466135456 0.03286852589641434 0.08233731739707839
1 0.6633466135458167 0.2556440903054449 0.02539840637450199 0.09163346613545821
1 0.5837898406374502 0.4701195219123506 0.03361553784860554 0.11420982735723768
1 0.621140438247012 0.48406374501992033 0.02315737051792837 0.09694555112881809
1 0.6140438247011953 0.36985391766268266 0.025398406374501973 0.08100929614873842
1 0.6618525896414343 0.4169986719787516 0.03137450199203201 0.10092961487383789
1 0.6977091633466137 0.33731739707835323 0.031374501992031865 0.09827357237715799
1 0.7197460159362551 0.49070385126162014 0.02315737051792837 0.11022576361221781
1 0.32158864541832677 0.1095617529880478 0.07246015936254988 0.05444887118193892
1 0.3891932270916335 0.15338645418326693 0.046314741035856526 0.06507304116865871
1 0.4265438247011953 0.06440903054448871 0.06125498007968126 0.059760956175298814
1 0.5456922310756973 0.06640106241699867 0.04257968127490038 0.09296148738379813
1 0.6256225099601594 0.049800796812749 0.07096613545816738 0.05710491367861886
1 0.739168326693227 0.1699867197875166 0.05901394422310759 0.07171314741035857
1 0.3981573705179284 0.4216467463479415 0.06573705179282868 0.05179282868525895
1 0.41907370517928283 0.6029216467463479 0.04780876494023907 0.11155378486055781
1 0.4829432270916335 0.6102257636122178 0.054531872509960166 0.0544488711819389
1 0.48369023904382474 0.6932270916334662 0.06050796812749006 0.08764940239043825
