0 0.494148406374502 0.5039840637450199 0.13072709163346627 0.09694555112881822
1 0.5314990039840638 0.4090305444887118 0.03510956175298802 0.11155378486055767
1 0.5871513944223108 0.451527224435591 0.03436254980079681 0.1407702523240372
1 0.6151643426294822 0.5836653386454184 0.021663346613545825 0.12084993359893766
1 0.7014442231075698 0.49601593625498 0.049302788844621546 0.10491367861885792
1 0.7092878486055778 0.5836653386454184 0.07544820717131472 0.041168658698539105
1 0.4919073705179284 0.6381142098273572 0.04257968127490038 0.12084993359893759
1 0.5247758964143426 0.6328021248339973 0.03212151394422314 0.1075697211155378
1 0.4459661354581674 0.6752988047808764 0.040338645418326706 0.11022576361221781
1 0.3977838645418328 0.6500664010624171 0.045567729083665326 0.09428950863213807
1 0.373132470119522 0.853253652058433 0.05751992031872511 0.09163346613545813
1 0.23680278884462155 0.7363877822045153 0.044820717131474126 0.05976095617529865
1 0.32196215139442236 0.6088977423638778 0.02838645418326692 0.1394422310756972
1 0.39143426294820727 0.4933598937583001 0.0627490039840638 0.06507304116865868
1 0.41757968127490047 0.39375830013280216 0.035856573705179355 0.09163346613545813
1 0.4497011952191236 0.3671978751660026 0.02838645418326692 0.09960159362549803
1 0.49041334661354585 0.35126162018592294 0.02763944223107565 0.08632138114209824
1 0.5535358565737052 0.23439575033200533 0.02390438247011957 0.11022576361221781
1 0.5893924302788845 0.19654714475431606 0.03884462151394423 0.09296148738379813
1 0.6528884462151396 0.10756972111553786 0.03137450199203201 0.10358565737051795
1 0.7018177290836654 0.16201859229747675 0.050049800796812746 0.05843293492695885
1 0.6764193227091634 0.27689243027888444 0.02913346613545826 0.09694555112881809
1 0.7003237051792829 0.3220451527224435 0.030627490039840524 0.10225763612217798
1 0.633839641434263 0.2934926958831341 0.04407370517928286 0.0690571049136787
1 0.3667828685258965 0.3432934926958831 0.0702191235059761 0.07304116865869854
1 0.24950199203187254 0.31806108897742363 0.04183266932270918 0.10756972111553789
1 0.3040338645418327 0.25763612217795484 0.032868525896414376 0.12749003984063745
1 0.35296314741035856 0.10690571049136785 0.036603585657370485 0.10756972111553786
1 0.3806025896414343 0.10159362549800796 0.01867529880478088 0.11288180610889775
1 0.4863047808764941 0.12483399734395752 0.055278884462151366 0.07171314741035857
1 0.30803933094709707 0.3980869576907107 0.05303784860557768 0.065073041168659
1 0.6512452318825965 0.37909188382204057 0.050049800796812656 0.07569721115537878
1 0.7033117529880479 0.6892430278884462 0.044073705179282996 0.11420982735723768
1 0.6024651394422311 0.747675962815405 0.06648406374501996 0.055776892430278904
1 0.2577191235059761 0.11354581673306774 0.052290836653386456 0.08366533864541832
1 0.7186254980079682 0.04249667994687915 0.07320717131474097 0.053120849933598925
