0 0.43523239831346844 0.5971768426538174 0.07949515720176353 0.3673613523505887
1 0.41626879322699845 0.7786194681632904 0.05984946182699301 0.18283114186781999
1 0.5462735462735463 0.6311766311766311 0.052416052416052426 0.2023842023842024
1 0.5622440622440622 0.40404040404040403 0.06470106470106465 0.16744016744016746
1 0.5098280098280098 0.3618163618163618 0.06142506142506143 0.1033761033761034
1 0.6543816543816544 0.47465647465647465 0.10483210483210485 0.12812812812812807
1 0.6498771498771498 0.6260806260806261 0.11547911547911546 0.08444808444808444
1 0.6167076167076168 0.8008008008008008 0.12448812448812455 0.11065611065611079
1 0.35872235872235875 0.893984893984894 0.10974610974610975 0.11939211939211944
1 0.3050778050778051 0.6865046865046865 0.10237510237510239 0.07716807716807722
1 0.30630630630630634 0.41496041496041497 0.11466011466011469 0.06988806988806992
1 0.3906633906633907 0.206024206024206 0.044226044226044155 0.2052962052962053
1 0.5061425061425061 0.18855218855218855 0.07698607698607703 0.1528801528801529
1 0.6805896805896806 0.048776048776048776 0.11629811629811627 0.09464009464009465
1 0.6805896805896806 0.30794430794430794 0.08517608517608523 0.13249613249613248
1 0.7330057330057329 0.39384839384839393 0.08517608517608508 0.07134407134407134
1 0.6613431613431614 0.9353444353444353 0.08763308763308764 0.11475111475111476
