0 0.44289067927654346 0.6600506834186877 0.053310888193191665 0.17034140902105577
1 0.4747260956175299 0.7231075697211155 0.03212151394422314 0.07835325365205847
1 0.6245019920318725 0.6082337317397077 0.05826693227091624 0.07436918990703838
1 0.68949203187251 0.6029216467463479 0.031374501992031865 0.07702523240371839
1 0.7152639442231077 0.846613545816733 0.027639442231075718 0.09163346613545813
1 0.5105826693227092 0.8678618857901726 0.041085657370517836 0.1075697211155378
1 0.466882470119522 0.9269588313413015 0.034362549800796886 0.1035856573705179
1 0.40002490039840644 0.8552456839309428 0.039591633466135506 0.10624169986719778
1 0.37275896414342635 0.7237715803452854 0.05229083665338649 0.06374501992031867
1 0.4142181274900399 0.6593625498007968 0.0470617529880478 0.07835325365205847
1 0.519546812749004 0.6062416998671979 0.06050796812749006 0.06772908366533854
1 0.5617529880478088 0.6620185922974767 0.0537848605577689 0.0624169986719788
1 0.527390438247012 0.7377158034528551 0.03884462151394416 0.10491367861885792
1 0.6155378486055778 0.8366533864541833 0.02838645418326692 0.08764940239043838
1 0.6151643426294822 0.4621513944223108 0.03660358565737056 0.09561752988047807
1 0.5572709163346614 0.41832669322709165 0.02838645418326699 0.09561752988047807
1 0.4863047808764941 0.42430278884462147 0.040338645418326775 0.07569721115537846
1 0.4071215139442232 0.39907038512616194 0.06424302788844621 0.0783532536520584
1 0.32569721115537853 0.47808764940239046 0.03735059760956173 0.11155378486055774
1 0.2864790836653387 0.5697211155378485 0.050049800796812746 0.0849933598937583
1 0.28386454183266935 0.4096945551128817 0.041832669322709105 0.09428950863213807
1 0.5471862549800798 0.31341301460823373 0.04257968127490038 0.10092961487383803
1 0.6618525896414343 0.7377158034528551 0.03137450199203201 0.12616201859229748
1 0.6921065737051794 0.7649402390438247 0.032121513944223065 0.11155378486055781
1 0.6547559760956176 0.8253652058432935 0.036603585657370485 0.08897742363877825
1 0.5852838645418328 0.8745019920318723 0.03361553784860561 0.059760956175298786
1 0.27415338645418336 0.8439575033200529 0.05079681274900402 0.06772908366533854
1 0.3234561752988048 0.6918990703851261 0.044820717131474126 0.08233731739707849
1 0.3566982071713148 0.6221779548472776 0.03809760956175296 0.07569721115537846
1 0.41907370517928283 0.5059760956175298 0.04930278884462148 0.0796812749003984
1 0.519546812749004 0.50066401062417 0.06648406374501996 0.047808764940239
1 0.5692231075697212 0.5664010624169987 0.04332669322709165 0.07835325365205847
1 0.6678286852589642 0.44355909694555107 0.06573705179282868 0.0849933598937583
1 0.7287101593625499 0.4136786188579017 0.03510956175298802 0.1075697211155378
