0 0.49078685258964133 0.49468791500663967 0.12101593625498014 0.09428950863213849
1 0.5811752988047809 0.5657370517928286 0.044820717131474126 0.09030544488711825
1 0.710034860557769 0.49535192563081004 0.039591633466135506 0.11420982735723768
1 0.6420567729083666 0.6998671978751659 0.04407370517928286 0.11420982735723768
1 0.6297310756972112 0.3286852589641434 0.07171314741035864 0.06772908366533863
1 0.6988296812749004 0.3160690571049137 0.032121513944223065 0.11420982735723773
1 0.652514940239044 0.199867197875166 0.045567729083665395 0.06241699867197873
1 0.6050796812749004 0.20185922974767595 0.03286852589641441 0.0849933598937583
1 0.6360806772908367 0.05444887118193892 0.01867529880478088 0.09561752988047809
1 0.49750996015936266 0.1832669322709163 0.06573705179282875 0.06640106241699865
1 0.4153386454183267 0.398406374501992 0.035856573705179286 0.095617529880478
1 0.45717131474103595 0.36852589641434264 0.03884462151394423 0.09960159362549803
1 0.49265438247011956 0.3618857901726427 0.03510956175298802 0.09694555112881809
1 0.4123505976095618 0.6434262948207171 0.029880478087649393 0.12616201859229753
1 0.45194223107569725 0.6839309428950864 0.02689243027888445 0.10889774236387786
1 0.4967629482071714 0.6274900398406374 0.03735059760956176 0.1128818061088976
1 0.5404631474103587 0.6334661354581673 0.044073705179282927 0.10092961487383789
1 0.34213147410358574 0.35590969455511284 0.06723107569721112 0.05843293492695885
1 0.3548306772908367 0.42297476759628155 0.07021912350597606 0.06772908366533863
1 0.26033366533864544 0.553120849933599 0.033615537848605576 0.13147410358565736
1 0.27900896414342635 0.150066401062417 0.06797808764940239 0.0664010624169987
1 0.32943227091633476 0.1301460823373174 0.029880478087649393 0.11686586985391767
1 0.3559511952191235 0.0949535192563081 0.02763944223107579 0.08897742363877821
1 0.38284362549800804 0.09960159362549803 0.01867529880478088 0.08764940239043828
1 0.3929282868525897 0.20517928286852588 0.041832669322709105 0.0942895086321381
1 0.4437250996015937 0.11288180610889775 0.0537848605577689 0.06108897742363879
1 0.4459661354581674 0.036520584329349265 0.055278884462151366 0.05179282868525896
1 0.576319721115538 0.12084993359893759 0.05303784860557769 0.04780876494023906
1 0.6883715139442232 0.061752988047808766 0.05602589641434264 0.03585657370517928
1 0.7283366533864544 0.2191235059760956 0.06125498007968133 0.053120849933598925
1 0.53523406374502 0.3432934926958831 0.041085657370517975 0.08100929614873835
1 0.5677290836653387 0.3745019920318725 0.041832669322709105 0.06640106241699875
1 0.6469123505976097 0.4216467463479415 0.040338645418326706 0.0783532536520584
1 0.6973356573705181 0.5883134130146083 0.054531872509960236 0.055776892430278974
1 0.6977091633466137 0.6912350597609561 0.03735059760956176 0.09960159362549803
1 0.5625000000000001 0.04316069057104913 0.03286852589641441 0.07835325365205843
1 0.24053784860557773 0.2642762284196547 0.03436254980079681 0.08764940239043828
1 0.3671563745019921 0.6507304116865871 0.04257968127490038 0.10624169986719785
1 0.3342878486055777 0.5345285524568394 0.045567729083665326 0.08897742363877825
1 0.3891932270916335 0.4926958831341301 0.0627490039840638 0.05312084993359896
