0 0.4483521369470235 0.6338135382361648 0.06043990084211852 0.17298213223110945
1 0.5408366533864543 0.6049136786188579 0.06424302788844628 0.0544488711819389
1 0.570343625498008 0.549800796812749 0.03809760956175296 0.09296148738379813
1 0.5733316733067729 0.3891102257636122 0.04257968127490045 0.10624169986719792
1 0.6304780876494024 0.3877822045152722 0.034362549800796886 0.11686586985391763
1 0.7059262948207171 0.3545816733067729 0.0537848605577689 0.06108897742363879
1 0.5737051792828686 0.6766268260292165 0.06872509960159355 0.05976095617529893
1 0.4067480079681275 0.6208499335989376 0.045567729083665326 0.08632138114209824
1 0.37051792828685265 0.5637450199203188 0.05378486055776897 0.0677290836653387
1 0.4582918326693228 0.4262948207171315 0.03660358565737056 0.09296148738379813
1 0.4971364541832671 0.4030544488711819 0.03959163346613544 0.1075697211155378
1 0.327191235059761 0.4428950863213811 0.044820717131474126 0.11288180610889775
1 0.28909362549800804 0.3824701195219123 0.05079681274900398 0.12749003984063742
1 0.2991782868525897 0.5617529880478088 0.06499003984063748 0.0849933598937583
1 0.33242031872509964 0.6779548472775565 0.04033864541832667 0.10491367861885792
1 0.4015189243027889 0.8286852589641434 0.04855577689243027 0.12749003984063734
1 0.4810756972111554 0.9243027888446216 0.04930278884462148 0.09296148738379827
1 0.6207669322709164 0.8320053120849933 0.034362549800796886 0.09960159362549803
1 0.6861304780876495 0.850597609561753 0.04108565737051777 0.08100929614873849
1 0.7279631474103587 0.7855245683930943 0.06797808764940243 0.0544488711819389
1 0.6678286852589642 0.6215139442231076 0.06274900398406366 0.06640106241699868
1 0.7339392430278885 0.551792828685259 0.051543824701195146 0.08100929614873842
1 0.6667081673306774 0.5225763612217795 0.04407370517928286 0.07569721115537838
1 0.6745517928286853 0.43691899070385126 0.06723107569721108 0.06640106241699868
1 0.6103087649402391 0.6288180610889774 0.034362549800796886 0.11288180610889768
1 0.6383217131474105 0.7144754316069057 0.05901394422310752 0.04249667994687911
1 0.5837898406374502 0.7543160690571048 0.03809760956175303 0.07702523240371832
1 0.552788844621514 0.9249667994687916 0.031374501992031935 0.09960159362549803
1 0.3279382470119522 0.9641434262948207 0.0552788844621514 0.05312084993359889
1 0.6775398406374503 0.749003984063745 0.05079681274900409 0.11952191235059743
1 0.724601593625498 0.6726427622841966 0.03884462151394431 0.11819389110225764
1 0.7268426294820718 0.9329349269588313 0.03735059760956176 0.11553784860557767
1 0.649526892430279 0.9415670650730411 0.03361553784860561 0.09296148738379813
1 0.46987051792828693 0.7350597609561753 0.046314741035856526 0.07304116865869843
1 0.41944721115537853 0.696547144754316 0.041085657370517906 0.09428950863213814
1 0.28125000000000006 0.8213811420982736 0.06349601593625501 0.08366533864541836
