0 0.49312854356757013 0.4620345471382953 0.05627171091497283 0.17186707745069515
1 0.5681025896414343 0.41766268260292166 0.03212151394422314 0.10225763612217798
1 0.5875249003984064 0.2543160690571049 0.03361553784860561 0.09694555112881809
1 0.5427041832669324 0.2934926958831341 0.03809760956175296 0.08764940239043824
1 0.5046065737051794 0.3193891102257636 0.039591633466135506 0.0783532536520585
1 0.4582918326693228 0.3313413014608234 0.041085657370517906 0.06241699867197873
1 0.49638944223107573 0.21513944223107567 0.03212151394422314 0.1035856573705179
1 0.50796812749004 0.12350597609561753 0.025398406374501973 0.08233731739707836
1 0.6129233067729085 0.14674634794156707 0.05901394422310752 0.05179282868525899
1 0.6558764940239044 0.16002656042496677 0.040338645418326706 0.10225763612217795
1 0.5834163346613547 0.648074369189907 0.03735059760956176 0.06374501992031867
1 0.546812749003984 0.5770252324037185 0.034362549800796886 0.11022576361221781
1 0.4724850597609562 0.5225763612217795 0.041085657370517906 0.0650730411686586
1 0.4489541832669323 0.4687915006640106 0.0463147410358566 0.055776892430278904
1 0.3850846613545818 0.3691899070385126 0.03959163346613544 0.09561752988047807
1 0.34138446215139445 0.3884462151394423 0.03436254980079681 0.06507304116865868
1 0.3690239043824701 0.4920318725099601 0.02838645418326699 0.08897742363877818
1 0.362300796812749 0.6261620185922975 0.03286852589641434 0.12350597609561753
1 0.4261703187250997 0.6095617529880478 0.041085657370517975 0.11155378486055781
1 0.4493276892430279 0.5996015936254979 0.032121513944223065 0.10491367861885792
1 0.4967629482071714 0.6162018592297477 0.050796812749003946 0.05312084993359889
1 0.6159113545816733 0.4893758300132802 0.03660358565737056 0.0783532536520584
1 0.638695219123506 0.3924302788844622 0.03735059760956176 0.07304116865869852
1 0.6719372509960161 0.44754316069057104 0.03809760956175296 0.07171314741035857
1 0.6947211155378487 0.3725099601593625 0.06723107569721122 0.059760956175298786
1 0.7313247011952191 0.4893758300132802 0.0463147410358566 0.07304116865869852
1 0.7133964143426296 0.5737051792828685 0.03735059760956176 0.03984063745019924
1 0.6962151394422312 0.6606905710491369 0.0537848605577689 0.09694555112881809
1 0.6502739043824701 0.5743691899070386 0.02465139442231063 0.1155378486055777
1 0.2991782868525897 0.7602921646746347 0.06797808764940239 0.06507304116865853
1 0.2681772908366534 0.5617529880478088 0.05079681274900398 0.06374501992031881
1 0.2808764940239044 0.28486055776892427 0.06424302788844624 0.062416998671978766
1 0.34175796812749015 0.10225763612217793 0.04855577689243027 0.06640106241699867
1 0.42280876494023917 0.09096945551128818 0.05079681274900402 0.08366533864541832
1 0.45642430278884466 0.14475431606905712 0.031374501992031865 0.10092961487383798
1 0.6551294820717132 0.053120849933598946 0.0463147410358566 0.042496679946879154
1 0.6088147410358566 0.05976095617529879 0.029880478087649393 0.09296148738379813
1 0.5625000000000001 0.16932270916334657 0.035856573705179355 0.05976095617529882
1 0.631972111553785 0.2928286852589641 0.04183266932270918 0.07038512616201857
