0 0.4481317210144432 0.6475500705925211 0.06016320892378401 0.17209440632926934
1 0.31449203187250996 0.6520584329349269 0.029880478087649393 0.11155378486055774
1 0.4907868525896415 0.4196547144754317 0.035856573705179216 0.11952191235059764
1 0.5161852589641435 0.50132802124834 0.059760956175298786 0.0677290836653387
1 0.5202938247011953 0.5903054448871182 0.05303784860557762 0.0624169986719788
1 0.5545866709104007 0.5665407978238647 0.04631474103585661 0.04648074369189923
1 0.4153386454183267 0.6281540504648073 0.044820717131474126 0.05843293492695871
1 0.4381225099601595 0.6872509960159363 0.036603585657370485 0.07304116865869859
1 0.4750996015936256 0.7091633466135459 0.031374501992031865 0.06640106241699868
1 0.5161852589641435 0.7456839309428952 0.03286852589641427 0.07038512616201857
1 0.53523406374502 0.697211155378486 0.044073705179282927 0.05046480743691916
1 0.5875249003984063 0.647410358565737 0.05751992031872511 0.04913678618857894
1 0.6342131474103586 0.5617529880478088 0.03286852589641427 0.10624169986719785
1 0.6028386454183267 0.4448871181938911 0.02689243027888445 0.11155378486055781
1 0.5546563745019921 0.39907038512616194 0.035109561752988086 0.0783532536520584
1 0.5490537848605578 0.29482071713147406 0.06723107569721108 0.04780876494023907
1 0.4198207171314741 0.3897742363877822 0.03436254980079681 0.09960159362549803
1 0.3391434262948208 0.4316069057104914 0.04183266932270915 0.10624169986719792
1 0.29394920318725104 0.38579017264276233 0.053037848605577725 0.10225763612217798
1 0.3667828685258964 0.5697211155378485 0.03436254980079681 0.10358565737051798
1 0.39180776892430286 0.7403718459495352 0.05751992031872511 0.0544488711819389
1 0.3735059760956176 0.944223107569721 0.031374501992031935 0.10092961487383803
1 0.3335408366533865 0.9243027888446216 0.039591633466135395 0.08499335989375836
1 0.5822958167330679 0.7875166002656043 0.04706175298804787 0.07968127490039847
1 0.5643675298804781 0.8997343957503321 0.041085657370517975 0.08632138114209838
1 0.6271165338645419 0.8891102257636123 0.03809760956175303 0.09694555112881816
1 0.6476593625498009 0.9402390438247012 0.028386454183266848 0.07702523240371846
1 0.7036852589641436 0.9150066401062418 0.049302788844621546 0.09296148738379813
1 0.7559760956175299 0.8711819389110227 0.035856573705179216 0.1035856573705179
1 0.6950946215139443 0.6354581673306773 0.050049800796812746 0.09428950863213799
1 0.6723107569721116 0.7749003984063745 0.03286852589641441 0.09960159362549803
1 0.494148406374502 0.8320053120849934 0.03809760956175296 0.11288180610889768
1 0.5124501992031874 0.9269588313413015 0.029880478087649466 0.11420982735723768
1 0.4616533864541833 0.8831341301460823 0.03735059760956176 0.09827357237715802
1 0.4048804780876495 0.8373173970783532 0.04332669322709165 0.08897742363877825
1 0.260707171314741 0.8426294820717132 0.06723107569721115 0.0544488711819389
1 0.25883964143426297 0.6586985391766268 0.05751992031872511 0.07436918990703859
1 0.2819970119521913 0.5750332005312084 0.05154382470119526 0.09030544488711818
1 0.6245019920318725 0.34594953519256305 0.04183266932270918 0.062416998671978766
