0 0.4637858872769906 0.5996213091062554 0.05212953856935885 0.1778578421143643
1 0.28173628173628174 0.5052325052325053 0.031122031122031154 0.12812812812812802
1 0.2690417690417691 0.6042406042406042 0.030303030303030346 0.09900809900809904
1 0.3022113022113022 0.6726726726726727 0.027846027846027858 0.11356811356811349
1 0.33333333333333337 0.7483847483847486 0.0278460278460279 0.12521612521612524
1 0.3685503685503686 0.7367367367367368 0.029484029484029506 0.09318409318409322
1 0.45372645372645365 0.8197288197288196 0.027846027846027896 0.09318409318409338
1 0.4959049959049959 0.7898807898807899 0.03357903357903361 0.09755209755209762
1 0.5393120393120393 0.8328328328328328 0.0286650286650287 0.10774410774410768
1 0.6191646191646192 0.845936845936846 0.05077805077805074 0.061152061152061066
1 0.6208026208026208 0.5627445627445627 0.06224406224406223 0.042224042224042295
1 0.5618345618345618 0.5278005278005279 0.06224406224406231 0.07425607425607417
1 0.536036036036036 0.4651924651924652 0.049959049959050005 0.07716807716807715
1 0.522932022932023 0.39967239967239965 0.06306306306306304 0.05387205387205391
1 0.4651924651924652 0.3807443807443808 0.019656019656019694 0.09464009464009472
1 0.43038493038493036 0.3661843661843662 0.023751023751023722 0.08590408590408587
1 0.35790335790335787 0.3865683865683866 0.02457002457002453 0.07134407134407134
1 0.3104013104013104 0.33924833924833925 0.04258804258804265 0.09900809900809904
1 0.5081900081900081 0.3094003094003094 0.04504504504504496 0.06260806260806262
1 0.579033579033579 0.22932022932022933 0.03603603603603595 0.04804804804804807
1 0.6748566748566748 0.33342433342433336 0.06552006552006545 0.040768040768040734
1 0.6801801801801801 0.3858403858403858 0.0663390663390662 0.040768040768040734
1 0.7325962325962325 0.4273364273364274 0.03849303849303851 0.06552006552006553
1 0.7592137592137592 0.7148967148967149 0.026208026208026213 0.12230412230412241
1 0.7166257166257166 0.6916006916006916 0.052416052416052426 0.08444808444808444
1 0.6588861588861589 0.6843206843206844 0.053235053235053155 0.061152061152061205
1 0.5966420966420967 0.7272727272727272 0.03030303030303031 0.06843206843206844
1 0.5548730548730549 0.6428246428246428 0.049959049959050005 0.05387205387205384
1 0.5016380016380017 0.6675766675766677 0.03194103194103185 0.09172809172809174
1 0.39107289107289106 0.6501046501046501 0.03030303030303031 0.09172809172809174
1 0.41154791154791154 0.5394485394485394 0.03521703521703522 0.1062881062881062
1 0.4369369369369369 0.6115206115206115 0.031941031941032 0.10192010192010194
1 0.35094185094185093 0.5955045955045954 0.03030303030303031 0.11065611065611072
1 0.3808353808353809 0.8612248612248612 0.032760032760032726 0.085904085904086
1 0.4127764127764128 0.851032851032851 0.052416052416052496 0.08299208299208317
1 0.4201474201474201 0.776048776048776 0.032760032760032726 0.10192010192010187
1 0.5245700245700246 0.7243607243607244 0.023751023751023795 0.10046410046410045
1 0.5593775593775594 0.7301847301847302 0.021294021294021376 0.08590408590408571
1 0.6949221949221949 0.8932568932568933 0.07125307125307132 0.05387205387205384
1 0.7395577395577396 0.9078169078169078 0.03603603603603588 0.10337610337610328
1 0.6425061425061425 0.9478569478569479 0.06306306306306311 0.04368004368004364
1 0.5647010647010647 0.934024934024934 0.051597051597051614 0.08008008008008005
1 0.46109746109746114 0.9405769405769406 0.08026208026208032 0.05824005824005808
1 0.37551187551187554 0.95004095004095 0.05651105651105652 0.048048048048048034
1 0.2932022932022932 0.8808808808808809 0.03931203931203928 0.07862407862407864
1 0.2698607698607699 0.8372008372008373 0.04013104013104012 0.08736008736008728
1 0.2551187551187551 0.728000728000728 0.03357903357903357 0.11065611065611065
1 0.7628992628992628 0.12303212303212303 0.04176904176904173 0.13540813540813543
1 0.6556101556101557 0.48484848484848486 0.035217035217035286 0.06988806988806992
1 0.6109746109746109 0.4637364637364637 0.029484029484029364 0.08008008008008005
1 0.5716625716625716 0.40404040404040403 0.026208026208026213 0.10337610337610335
1 0.248976248976249 0.3953043953043952 0.04095004095004096 0.07134407134407134
1 0.22645372645372647 0.281008281008281 0.031941031941031955 0.09318409318409315
1 0.7043407043407044 0.7811447811447811 0.047502047502047444 0.08008008008008005
