0 0.5120046288799319 0.42240351525822106 0.05049574962496622 0.17359762627501232
1 0.6315986055776893 0.27158034528552455 0.06499003984063748 0.05179282868525899
1 0.6540089641434264 0.3964143426294821 0.035109561752988086 0.12350597609561753
1 0.7156374501992033 0.4329349269588313 0.029880478087649466 0.11952191235059764
1 0.665214143426295 0.5444887118193891 0.039591633466135506 0.09296148738379813
1 0.7059262948207171 0.6042496679946878 0.03884462151394431 0.09296148738379813
1 0.48219621513944233 0.8061088977423638 0.04257968127490052 0.09827357237715802
1 0.38172310756972117 0.548472775564409 0.03286852589641427 0.10624169986719785
1 0.4411105577689243 0.5949535192563081 0.032121513944223065 0.09827357237715809
1 0.29021414342629487 0.41301460823373176 0.03361553784860561 0.12483399734395746
1 0.2278386454183267 0.5916334661354581 0.022410358565737063 0.09694555112881802
1 0.3813496015936255 0.41168658698539173 0.05154382470119522 0.06374501992031867
1 0.4332669322709164 0.3419654714475432 0.059760956175298786 0.05444887118193893
1 0.4272908366533865 0.43559096945551135 0.04183266932270925 0.07171314741035864
1 0.4269173306772909 0.20982735723771584 0.05303784860557769 0.053120849933598925
1 0.44708665338645426 0.11354581673306771 0.03809760956175296 0.10756972111553784
1 0.49041334661354596 0.16002656042496677 0.029133466135458193 0.10756972111553784
1 0.5326195219123506 0.06573705179282867 0.025398406374501973 0.10225763612217793
1 0.6013446215139442 0.1699867197875166 0.031374501992031935 0.09296148738379813
1 0.7204930278884463 0.1447543160690571 0.06648406374502003 0.0398406374501992
1 0.5550298804780877 0.2915006640106242 0.02838645418326692 0.07569721115537849
1 0.6073207171314742 0.34926958831341304 0.034362549800796886 0.0690571049136786
1 0.5184262948207173 0.2808764940239044 0.020916334661354553 0.06772908366533865
1 0.47061752988047817 0.27025232403718463 0.04482071713147406 0.0703851261620186
1 0.4739790836653387 0.3671978751660026 0.039591633466135506 0.0624169986719788
1 0.49265438247011967 0.47078353253652055 0.035109561752988155 0.05976095617529885
1 0.5882719123505977 0.6122177954847278 0.06050796812749006 0.08233731739707828
1 0.5117031872509961 0.6507304116865871 0.03735059760956183 0.09827357237715809
1 0.5094621513944224 0.5604249667994687 0.050796812749003946 0.07968127490039847
1 0.3518426294820718 0.2735723771580345 0.07171314741035857 0.07968127490039845
1 0.3499750996015937 0.17131474103585656 0.03361553784860561 0.10624169986719785
1 0.38209661354581675 0.18127490039840638 0.026145418326693176 0.10756972111553786
1 0.36155378486055784 0.05644090305444886 0.03735059760956176 0.09163346613545816
1 0.27938247011952194 0.17330677290836655 0.03735059760956173 0.10491367861885788
1 0.276394422310757 0.07171314741035857 0.038844621513944196 0.09296148738379814
