0 0.552006552006552 0.438984438984439 0.19819819819819812 0.12376012376012376
1 0.5012285012285013 0.2912002912002912 0.06060606060606062 0.1863681863681864
1 0.6441441441441441 0.2664482664482664 0.07452907452907453 0.2009282009282009
1 0.5888615888615889 0.6224406224406224 0.07043407043407043 0.2198562198562199
1 0.3947583947583948 0.5096005096005096 0.08517608517608516 0.15724815724815727
1 0.4144144144144144 0.2846482846482846 0.06552006552006545 0.1849121849121849
1 0.30876330876330876 0.7105287105287106 0.1195741195741196 0.08444808444808444
1 0.49303849303849306 0.7629447629447629 0.12121212121212124 0.08736008736008742
1 0.6322686322686322 0.7556647556647555 0.06879606879606875 0.17763217763217767
1 0.6613431613431614 0.856128856128856 0.059787059787059886 0.19219219219219214
1 0.7317772317772318 0.7578487578487579 0.0450450450450451 0.12667212667212666
1 0.6744471744471744 0.5401765401765403 0.07616707616707621 0.198016198016198
1 0.5307125307125307 0.1405041405041405 0.07207207207207211 0.16452816452816454
1 0.2461097461097461 0.554008554008554 0.03685503685503686 0.11502411502411496
