0 0.45007470119521914 0.4820717131474103 0.07843625498007974 0.14077025232403714
1 0.5135707171314742 0.20185922974767595 0.04257968127490038 0.11155378486055774
1 0.5699701195219125 0.15139442231075698 0.0627490039840638 0.07968127490039842
1 0.7619521912350598 0.4296148738379814 0.035856573705179216 0.1341301460823373
1 0.8041583665338646 0.5703851261620185 0.06947211155378483 0.05710491367861891
1 0.7844110459756031 0.5476805188206924 0.07171314741035834 0.05046480743691926
1 0.5244023904382471 0.6414342629482072 0.0507968127490041 0.061088977423638724
1 0.44521912350597614 0.6281540504648074 0.02838645418326692 0.11686586985391763
1 0.5329930278884463 0.5252324037184595 0.07395418326693232 0.04382470119521905
1 0.560632470119522 0.4342629482071713 0.06648406374501988 0.047808764940239
1 0.3645418326693228 0.7284196547144753 0.031374501992031865 0.09428950863213814
1 0.3331673306772909 0.7078353253652058 0.025398406374501973 0.07702523240371846
1 0.25398406374502 0.7576361221779548 0.05826693227091635 0.05179282868525888
1 0.28349103585657376 0.8552456839309428 0.029133466135458155 0.09827357237715802
1 0.20766932270916336 0.7988047808764941 0.05079681274900398 0.07835325365205847
1 0.1187749003984064 0.844621513944223 0.02539840637450201 0.10092961487383803
1 0.1576195219123506 0.8081009296148739 0.02838645418326692 0.08632138114209824
1 0.05303784860557769 0.8100929614873837 0.059760956175298814 0.06108897742363879
1 0.08403884462151395 0.752324037184595 0.05602589641434264 0.03851261620185909
1 0.12661852589641437 0.6520584329349269 0.06050796812749006 0.061088977423638655
1 0.09636454183266935 0.4880478087649402 0.06723107569721117 0.059760956175298786
1 0.032495019920318724 0.18791500664010624 0.042579681274900395 0.09694555112881809
1 0.08217131474103587 0.08764940239043824 0.041832669322709154 0.10092961487383796
1 0.20281374501992033 0.1460823373173971 0.02614541832669321 0.07702523240371847
1 0.24352589641434264 0.21181938911022577 0.07171314741035857 0.04913678618857901
1 0.36939741035856577 0.348605577689243 0.06499003984063748 0.05710491367861891
1 0.35333665338645426 0.2543160690571049 0.06274900398406373 0.0624169986719788
1 0.30963645418326696 0.1892430278884462 0.054531872509960166 0.04913678618857901
1 0.45754482071713154 0.16069057104913678 0.06648406374501996 0.045152722443559126
1 0.38994023904382474 0.10624169986719789 0.04033864541832664 0.10358565737051795
1 0.3746264940239044 0.42297476759628155 0.06648406374501988 0.03851261620185923
1 0.301792828685259 0.3426294820717131 0.044820717131474126 0.06640106241699865
1 0.14193227091633467 0.4256308100929615 0.03436254980079683 0.08897742363877825
1 0.17405378486055778 0.5843293492695882 0.06125498007968126 0.055776892430278904
1 0.04519422310756973 0.9422310756972112 0.032121513944223114 0.09428950863213814
1 0.11279880478087652 0.2729083665338646 0.049302788844621526 0.0703851261620186
1 0.16658366533864544 0.03585657370517928 0.04930278884462151 0.04249667994687915
1 0.5501743027888447 0.8399734395750332 0.06050796812749006 0.07835325365205847
1 0.39031374501992033 0.8924302788844622 0.03510956175298802 0.09827357237715802
1 0.46426792828685265 0.8811420982735723 0.0470617529880478 0.07569721115537831
