0 0.4963894422310755 0.5219123505976095 0.05751992031872474 0.19389110225763612
1 0.7832420318725102 0.5126162018592297 0.05154382470119529 0.10358565737051798
1 0.9031374501992033 0.5597609561752988 0.040338645418326706 0.12616201859229748
1 0.3395169322709164 0.6925630810092962 0.0709661354581674 0.06507304116865868
1 0.21103087649402394 0.4940239043824701 0.05154382470119522 0.09561752988047807
1 0.2805029880478088 0.595617529880478 0.048555776892430236 0.08897742363877818
1 0.12624501992031875 0.7138114209827358 0.0567729083665339 0.0677290836653387
1 0.0788097609561753 0.553120849933599 0.035109561752988044 0.09428950863213814
1 0.10981075697211157 0.6241699867197874 0.05378486055776893 0.07702523240371839
1 0.0552788844621514 0.8007968127490039 0.06573705179282868 0.06374501992031881
1 0.2995517928286853 0.8891102257636123 0.04183266932270918 0.1155378486055777
1 0.527390438247012 0.9249667994687915 0.07470119521912352 0.0677290836653387
1 0.4018924302788845 0.2702523240371846 0.04332669322709165 0.12084993359893755
1 0.3439990039840638 0.09096945551128818 0.04855577689243031 0.11819389110225764
1 0.2573456175298805 0.1699867197875166 0.03510956175298805 0.11155378486055775
1 0.1680776892430279 0.199867197875166 0.03585657370517931 0.09960159362549799
1 0.12549800796812752 0.25232403718459495 0.04930278884462151 0.06374501992031878
1 0.08852091633466136 0.31673306772908366 0.062001992031872524 0.05179282868525892
1 0.059013944223107566 0.36055776892430275 0.061254980079681276 0.04382470119521919
1 0.1437998007968128 0.38579017264276233 0.03212151394422312 0.09694555112881809
1 0.28797310756972117 0.36786188579017265 0.03660358565737056 0.12749003984063745
1 0.2868525896414343 0.26228419654714474 0.04631474103585656 0.08366533864541836
1 0.0806772908366534 0.1347941567065073 0.03286852589641434 0.10225763612217798
1 0.034736055776892434 0.06905710491367861 0.03959163346613546 0.08233731739707835
1 0.030627490039840638 0.5982735723771581 0.03884462151394423 0.09694555112881809
1 0.27900896414342635 0.7529880478087648 0.05303784860557769 0.047808764940239
1 0.30179282868525903 0.8027888446215138 0.05079681274900398 0.0624169986719788
1 0.19870517928286854 0.9023904382470118 0.06424302788844621 0.04913678618857901
1 0.1875 0.8114209827357237 0.029880478087649428 0.09827357237715802
1 0.5434511952191236 0.34794156706507307 0.06499003984063748 0.07436918990703852
1 0.4986304780876495 0.12616201859229748 0.06050796812749013 0.06108897742363878
1 0.42280876494023906 0.5185922974767596 0.05229083665338649 0.06241699867197866
1 0.4347609561752988 0.5763612217795484 0.05079681274900402 0.05843293492695892
1 0.45642430278884466 0.6361221779548473 0.05826693227091639 0.04249667994687911
1 0.45941235059760965 0.7622841965471449 0.026892430278884518 0.11155378486055767
1 0.41085657370517936 0.7795484727755644 0.03884462151394423 0.1168658698539177
1 0.6353336653386455 0.7118193891102257 0.04556772908366526 0.1035856573705179
1 0.5983565737051794 0.5889774236387783 0.06723107569721122 0.059760956175298856
1 0.572211155378486 0.5039840637450199 0.06872509960159355 0.0650730411686586
