0 0.49392046327564854 0.45148304513111187 0.04764892968726876 0.18486648242167258
1 0.5072211155378487 0.29946879150066397 0.031374501992031935 0.0836653386454183
1 0.5628735059760958 0.3247011952191235 0.026145418326693246 0.10756972111553786
1 0.5923804780876495 0.4150066401062417 0.0537848605577689 0.0544488711819389
1 0.4877988047808766 0.4262948207171315 0.02689243027888445 0.1088977423638778
1 0.45605079681274907 0.44090305444887123 0.03361553784860561 0.11420982735723775
1 0.48555776892430286 0.5836653386454183 0.02689243027888445 0.12350597609561746
1 0.5229083665338645 0.5783532536520585 0.031374501992031865 0.11819389110225764
1 0.5718376494023905 0.6434262948207171 0.02315737051792837 0.12084993359893759
1 0.6510209163346614 0.5723771580345286 0.041085657370517975 0.10624169986719785
1 0.6965886454183269 0.6394422310756971 0.038097609561752815 0.08632138114209816
1 0.7511205179282869 0.4382470119521912 0.03809760956175296 0.10092961487383796
1 0.6962151394422311 0.47343957503320055 0.026892430278884376 0.08632138114209831
1 0.7231075697211157 0.39375830013280205 0.02838645418326678 0.11022576361221781
1 0.664093625498008 0.33333333333333337 0.035856573705179355 0.08499335989375827
1 0.6323456175298806 0.27025232403718463 0.03809760956175303 0.06772908366533865
1 0.3690239043824701 0.4774236387782204 0.044820717131474126 0.07835325365205847
1 0.41907370517928294 0.5132802124833997 0.040338645418326706 0.04913678618857901
1 0.4078685258964144 0.5803452855245683 0.029880478087649466 0.04249667994687918
1 0.3869521912350598 0.5982735723771581 0.02689243027888445 0.04382470119521905
1 0.34551834895739897 0.2667334721593666 0.05453187250996013 0.04382470119521917
1 0.3184016305043948 0.4370989327875639 0.07021912350597612 0.04382470119521927
1 0.4254233067729084 0.3844621513944223 0.04407370517928286 0.07569721115537846
1 0.613296812749004 0.1553784860557769 0.050796812749003876 0.06374501992031874
1 0.4582918326693228 0.21713147410358566 0.03660358565737056 0.12084993359893755
1 0.31561254980079684 0.19057104913678619 0.04556772908366536 0.06772908366533863
1 0.3548306772908367 0.06175298804780875 0.02390438247011957 0.10225763612217793
1 0.3103834661354582 0.10026560424966799 0.03361553784860561 0.10756972111553786
1 0.2737798804780877 0.6580345285524568 0.04108565737051787 0.0916334661354582
1 0.260090203861328 0.5940373011895334 0.057519920318725035 0.06640106241699888
1 0.48779880478087656 0.6766268260292165 0.07619521912350606 0.038512616201859376
1 0.7040587649402391 0.2735723771580345 0.01867529880478088 0.10624169986719789
1 0.6465388446215141 0.06640106241699867 0.03809760956175303 0.06108897742363878
1 0.5139442231075699 0.08764940239043821 0.029880478087649442 0.09561752988047802
