0 0.44297808764940244 0.44355909694555107 0.08814741035856578 0.11686586985391763
1 0.5244023904382471 0.4535192563081009 0.06723107569721122 0.059760956175298786
1 0.6752988047808767 0.47476759628154047 0.06125498007968133 0.0624169986719788
1 0.5270169322709164 0.22310756972111556 0.06648406374501988 0.06108897742363876
1 0.3679033864541833 0.13280212483399734 0.06648406374501988 0.04780876494023906
1 0.18750000000000003 0.1301460823373174 0.05527888446215139 0.06108897742363878
1 0.09449701195219125 0.16401062416998669 0.03510956175298805 0.10756972111553784
1 0.13334163346613548 0.18725099601593626 0.03809760956175298 0.09827357237715806
1 0.15649900398406374 0.27158034528552455 0.033615537848605576 0.08366533864541836
1 0.17368027888446214 0.36454183266932266 0.06648406374501992 0.0544488711819389
1 0.21812749003984067 0.5703851261620185 0.07021912350597613 0.05710491367861891
1 0.22410358565737057 0.6620185922974767 0.07320717131474104 0.05976095617529872
1 0.2405378486055777 0.7463479415670651 0.07320717131474108 0.055776892430278904
1 0.2524900398406375 0.8399734395750332 0.06723107569721115 0.05179282868525888
1 0.42467629482071717 0.6434262948207171 0.027639442231075718 0.11819389110225757
1 0.46912350597609576 0.5683930942895086 0.0627490039840638 0.07171314741035857
1 0.48854581673306785 0.6301460823373174 0.06573705179282875 0.059760956175298786
1 0.5568974103585658 0.6268260292164675 0.06648406374501988 0.05312084993359889
1 0.48032868525896416 0.7596281540504648 0.0702191235059761 0.050464807436919015
1 0.4299053784860558 0.7901726427622842 0.03809760956175303 0.10092961487383803
1 0.471738047808765 0.9342629482071714 0.03361553784860561 0.09163346613545827
1 0.3641683266932272 0.9163346613545816 0.06797808764940236 0.055776892430278904
1 0.35296314741035867 0.7483399734395749 0.0724601593625498 0.06772908366533854
1 0.3757470119521913 0.5996015936254979 0.03436254980079681 0.09428950863213814
1 0.3335408366533865 0.31739707835325365 0.07096613545816738 0.050464807436918946
1 0.24277888446215143 0.2197875166002656 0.04930278884462151 0.0783532536520584
1 0.08740039840637451 0.49867197875165997 0.05229083665338645 0.08366533864541836
1 0.14454681274900402 0.5338645418326693 0.047061752988047816 0.09030544488711825
1 0.08889442231075698 0.6746347941567065 0.029880478087649404 0.07702523240371846
1 0.14790836653386458 0.803452855245684 0.028386454183266956 0.09030544488711811
1 0.19310258964143429 0.8339973439575032 0.02614541832669321 0.08233731739707849
1 0.1400647410358566 0.8844621513944223 0.05602589641434264 0.06640106241699868
1 0.06499003984063746 0.899070385126162 0.06723107569721115 0.047808764940239
1 0.0489292828685259 0.6746347941567065 0.03809760956175299 0.11155378486055774
1 0.04295318725099602 0.3705179282868526 0.04407370517928287 0.09030544488711825
1 0.052664342629482074 0.2556440903054449 0.03510956175298805 0.08366533864541836
1 0.10495517928286853 0.06440903054448871 0.05751992031872511 0.06241699867197876
1 0.0466882470119522 0.11088977423638777 0.03510956175298805 0.08897742363877822
1 0.4653884462151395 0.16002656042496682 0.06125498007968126 0.07835325365205843
