0 0.5281374501992032 0.5219123505976094 0.09113545816733067 0.11420982735723789
1 0.49788346613545825 0.402390438247012 0.03959163346613544 0.10358565737051784
1 0.425796812749004 0.6281540504648074 0.06424302788844628 0.055776892430278766
1 0.4807021912350598 0.5962815405046481 0.039591633466135576 0.09561752988047814
1 0.5404631474103586 0.6301460823373174 0.04257968127490038 0.08366533864541821
1 0.5901394422310757 0.6507304116865871 0.035856573705179216 0.09030544488711825
1 0.771663346613546 0.2782204515272244 0.03436254980079681 0.08897742363877821
1 0.7324452191235059 0.3300132802124834 0.039591633466135506 0.06507304116865868
1 0.8725099601593627 0.34462151394422313 0.04183266932270925 0.05976095617529882
1 0.9651394422310758 0.201195219123506 0.05677290836653398 0.05179282868525892
1 0.8979083665338646 0.04847277556440902 0.06573705179282854 0.03851261620185922
1 0.6469123505976097 0.053120849933598946 0.07021912350597617 0.053120849933598946
1 0.7313247011952191 0.06905710491367861 0.059760956175298786 0.05577689243027889
1 0.4866782868525897 0.21580345285524566 0.041085657370517906 0.09694555112881804
1 0.530378486055777 0.24302788844621517 0.03436254980079681 0.09561752988047811
1 0.3182270916334662 0.36254980079681276 0.03884462151394427 0.11155378486055778
1 0.8560756972111554 0.7197875166002654 0.0537848605577689 0.08233731739707835
1 0.9072460159362552 0.6321381142098274 0.03361553784860561 0.10358565737051784
1 0.9378735059760958 0.4873837981407702 0.06349601593625494 0.050464807436919015
1 0.7570966135458168 0.6062416998671979 0.03510956175298787 0.08100929614873827
1 0.6928535856573705 0.6600265604249668 0.06349601593625508 0.055776892430278904
1 0.6517679282868527 0.7217795484727756 0.032121513944223065 0.08632138114209838
1 0.6394422310756973 0.7881806108897743 0.0627490039840638 0.05179282868525902
1 0.7485059760956176 0.848605577689243 0.047808764940239 0.050464807436919015
1 0.6965886454183269 0.8837981407702523 0.05751992031872519 0.05179282868525888
1 0.6349601593625499 0.946215139442231 0.035856573705179286 0.08100929614873835
1 0.6460074463333771 0.42148337461440755 0.06947211155378459 0.057104913678618675
1 0.862425298804781 0.1248339973439575 0.05751992031872504 0.04249667994687913
1 0.5973278148128006 0.12675670495850577 0.03809760956175302 0.09030544488711843
1 0.5128237051792829 0.0896414342629482 0.06349601593625494 0.06772908366533864
1 0.8317978087649404 0.8207171314741035 0.05751992031872504 0.047808764940239
1 0.9614043824701196 0.8413014608233732 0.03436254980079681 0.0544488711819389
1 0.912101593625498 0.41367861885790175 0.0493027888446214 0.05179282868525895
1 0.6857569721115538 0.42430278884462147 0.04332669322709165 0.04382470119521912
1 0.6304780876494024 0.46148738379814075 0.050796812749003946 0.03851261620185923
1 0.6558764940239046 0.5258964143426295 0.04332669322709173 0.05843293492695878
1 0.4317729083665338 0.20982735723771576 0.03286852589641434 0.10889774236387784
1 0.8187250996015937 0.5889774236387783 0.05079681274900409 0.05179282868525888
