0 0.48914473824748084 0.4735356930459355 0.06648406374501975 0.17591307930167757
1 0.4956424302788845 0.3359893758300133 0.030627490039840666 0.08499335989375827
1 0.5512948207171315 0.3379814077025232 0.029880478087649393 0.08632138114209824
1 0.6334661354581675 0.2928286852589641 0.03286852589641434 0.0942895086321381
1 0.6110557768924303 0.45086321381142097 0.040338645418326706 0.07304116865869859
1 0.6058266932270917 0.3598937583001328 0.034362549800796886 0.08233731739707835
1 0.6659611553784862 0.36786188579017265 0.04407370517928286 0.07171314741035857
1 0.7010707171314742 0.3140770252324037 0.026145418326693176 0.08632138114209831
1 0.7410358565737053 0.24501992031872505 0.059760956175298634 0.05976095617529873
1 0.707046812749004 0.4628154050464808 0.04257968127490045 0.10491367861885785
1 0.6596115537848607 0.4588313413014608 0.03735059760956176 0.08632138114209824
1 0.6936005976095617 0.6666666666666667 0.045567729083665395 0.11155378486055781
1 0.6416832669322714 0.5929614873837981 0.031374501992032816 0.10491367861885775
1 0.5998505976095618 0.5723771580345286 0.026892430278884376 0.10358565737051798
1 0.5378486055776893 0.5876494023904383 0.040338645418326775 0.09960159362549803
1 0.47472609561753 0.5544488711819389 0.06050796812749013 0.06507304116865875
1 0.4328934262948208 0.46679946879150064 0.036603585657370485 0.1075697211155378
1 0.41272410358565736 0.595617529880478 0.035109561752988086 0.11022576361221774
1 0.5038595617529882 0.696547144754316 0.035109561752988086 0.11553784860557777
1 0.4459661354581674 0.6606905710491369 0.06125498007968133 0.05444887118193897
1 0.3189741035856574 0.11885790172642764 0.06125498007968126 0.04913678618857903
1 0.34063745019920316 0.051128818061088974 0.03884462151394423 0.09694555112881806
1 0.2659362549800797 0.05710491367861886 0.03286852589641434 0.10092961487383798
1 0.4526892430278885 0.18061088977423637 0.04183266932270918 0.07702523240371843
1 0.41832669322709165 0.19322709163346616 0.03286852589641434 0.10491367861885788
1 0.47211155378486064 0.26294820717131473 0.055278884462151436 0.045152722443559126
1 0.37873505976095617 0.36321381142098275 0.03884462151394423 0.11022576361221781
1 0.2988047808764941 0.2197875166002656 0.03585657370517932 0.08897742363877818
1 0.37275896414342635 0.16201859229747675 0.0463147410358566 0.0903054448871182
1 0.6502739043824701 0.08897742363877822 0.02465139442231063 0.10624169986719789
1 0.6775398406374503 0.08632138114209827 0.02838645418326692 0.1035856573705179
1 0.7358067729083666 0.09827357237715802 0.03735059760956176 0.07968127490039839
1 0.664093625498008 0.18127490039840638 0.03735059760956176 0.06772908366533863
1 0.6274900398406374 0.16733067729083664 0.05229083665338635 0.055776892430278904
1 0.5785607569721116 0.13280212483399734 0.04257968127490038 0.04780876494023906
1 0.5251494023904384 0.13678618857901725 0.04930278884462148 0.06108897742363878
1 0.5964890438247014 0.24634794156706508 0.03212151394422314 0.07304116865869859
1 0.5714641434262949 0.21049136786188577 0.02838645418326692 0.10225763612217793
1 0.50796812749004 0.19853917662682605 0.02390438247011957 0.07835325365205843
1 0.45941235059760965 0.06905710491367861 0.040338645418326706 0.0743691899070385
1 0.4030129482071713 0.051792828685258974 0.05154382470119522 0.058432934926958835
1 0.2457669322709164 0.3811420982735724 0.05677290836653388 0.06374501992031874
1 0.28461155378486064 0.3047808764940239 0.06424302788844621 0.05976095617529882
1 0.24726095617529883 0.2250996015936255 0.03286852589641434 0.12084993359893761
