0 0.5602589641434264 0.5723771580345286 0.08217131474103588 0.10889774236387786
1 0.5636205179282869 0.45418326693227085 0.027639442231075718 0.10889774236387786
1 0.797435258964143 0.2881806108897742 0.03361553784860612 0.11155378486055784
1 0.9195717131474106 0.28486055776892427 0.0537848605577689 0.05179282868525899
1 0.8052788844621516 0.5590969455511289 0.05976095617529879 0.05312084993359903
1 0.7507470119521913 0.48539176626826025 0.06274900398406373 0.05179282868525902
1 0.6872509960159363 0.5172642762284196 0.06723107569721122 0.04913678618857901
1 0.659238047808765 0.3778220451527224 0.04257968127490045 0.08632138114209831
1 0.6461653386454185 0.21513944223107567 0.03884462151394431 0.1088977423638778
1 0.7339392430278885 0.07237715803452856 0.06050796812749013 0.054448871181938904
1 0.46538844621513953 0.7908366533864541 0.06274900398406373 0.0677290836653387
1 0.6999501992031872 0.9209827357237717 0.029880478087649324 0.10491367861885792
1 0.8198456175298807 0.7270916334661354 0.039591633466135506 0.11022576361221781
1 0.922933266932271 0.646746347941567 0.04706175298804794 0.06374501992031867
1 0.3716384462151395 0.3446215139442231 0.03660358565737056 0.10491367861885785
1 0.8508466135458168 0.15803452855245684 0.02390438247011957 0.08764940239043825
1 0.9401145418326695 0.14143426294820716 0.0545318725099601 0.05444887118193892
1 0.5901394422310758 0.8399734395750332 0.053784860557769036 0.05976095617529893
1 0.48107569721115545 0.3114209827357238 0.04332669322709165 0.041168658698539105
1 0.5430776892430279 0.2695883134130146 0.06424302788844621 0.045152722443559126
