0 0.5046065737051794 0.4634794156706507 0.041085657370517906 0.1673306772908366
1 0.42355577689243035 0.4774236387782204 0.0702191235059761 0.07038512616201857
1 0.41160358565737054 0.3930942895086321 0.05826693227091639 0.05312084993359889
1 0.08515936254980079 0.2788844621513944 0.05976095617529881 0.12217795484727756
1 0.29805776892430286 0.23837981407702524 0.05378486055776897 0.11022576361221781
1 0.641683266932271 0.33333333333333326 0.041832669322709105 0.11155378486055778
1 0.6992031872509961 0.5743691899070386 0.059760956175298786 0.0677290836653387
1 0.7772659362549801 0.5909694555112881 0.05602589641434264 0.06374501992031874
1 0.8093874501992033 0.5398406374501992 0.05602589641434265 0.062416998671978655
1 0.961030876494024 0.16002656042496682 0.054531872509960236 0.05179282868525899
1 0.7925796812749004 0.8891102257636123 0.026892430278884518 0.14209827357237728
1 0.5064741035856575 0.851925630810093 0.05826693227091624 0.07304116865869843
1 0.5785607569721116 0.47476759628154047 0.06050796812749006 0.0544488711819389
1 0.8433764940239044 0.1347941567065073 0.0463147410358566 0.09960159362549803
1 0.7724103585657371 0.0849933598937583 0.03286852589641427 0.1035856573705179
1 0.7232451051077626 0.27293511516746444 0.05527888446215132 0.05312084993359905
1 0.6415893622768263 0.7884072241148842 0.06200199203187237 0.05444887118193899
