0 0.4587098654905911 0.6080840738126569 0.06013409528794688 0.19749231052233227
1 0.6273546273546273 0.5023205023205023 0.03439803439803434 0.14268814268814276
1 0.5757575757575758 0.2577122577122577 0.055692055692055716 0.09027209027209025
1 0.7260442260442261 0.1987441987441988 0.059787059787059754 0.082992082992083
1 0.3521703521703522 0.4164164164164164 0.03439803439803441 0.1193921193921193
1 0.40990990990990994 0.5336245336245337 0.030303030303030384 0.10337610337610342
1 0.44635544635544633 0.40185640185640187 0.027846027846027823 0.11648011648011647
1 0.4877149877149877 0.3581763581763582 0.03849303849303851 0.10192010192010191
1 0.5384930384930385 0.36254436254436256 0.04668304668304664 0.06988806988806992
1 0.5831285831285832 0.3836563836563836 0.040950040950041 0.10337610337610335
1 0.5237510237510237 0.45645645645645644 0.06142506142506143 0.06552006552006545
1 0.5462735462735462 0.5350805350805351 0.03931203931203932 0.08881608881608884
1 0.5999180999181 0.628992628992629 0.03357903357903361 0.11065611065611065
1 0.6494676494676495 0.6027846027846028 0.042588042588042614 0.0960960960960962
1 0.7010647010647011 0.706888706888707 0.06060606060606062 0.05969605969605965
1 0.7538902538902539 0.6530166530166531 0.053235053235053155 0.06552006552006567
1 0.6412776412776412 0.7185367185367185 0.031122031122031258 0.12084812084812085
1 0.6850941850941851 0.7986167986167986 0.05159705159705169 0.085904085904086
1 0.7289107289107289 0.8211848211848212 0.047502047502047444 0.10774410774410768
1 0.7645372645372646 0.8342888342888343 0.022113022113022112 0.12230412230412241
1 0.5753480753480754 0.8786968786968786 0.028665028665028628 0.10628810628810641
1 0.5036855036855037 0.7731367731367732 0.0327600327600328 0.09609609609609607
1 0.49303849303849306 0.6712166712166712 0.027846027846027823 0.09027209027209025
1 0.4451269451269452 0.6624806624806624 0.03849303849303851 0.06988806988806985
1 0.5417690417690417 0.6821366821366821 0.040131040131040054 0.0655200655200656
1 0.5917280917280916 0.7207207207207209 0.05487305487305476 0.03785603785603783
1 0.4381654381654382 0.851032851032851 0.052416052416052426 0.085904085904086
1 0.36404586404586403 0.8568568568568569 0.048321048321048325 0.06260806260806262
1 0.32309582309582313 0.8000728000728 0.022113022113022112 0.11211211211211221
1 0.27354627354627353 0.8786968786968788 0.03767403767403763 0.10046410046410059
1 0.3255528255528256 0.9216489216489216 0.06142506142506143 0.061152061152061066
1 0.37919737919737917 0.9362089362089363 0.03439803439803441 0.07280007280007282
1 0.4099099099099099 0.8968968968968969 0.04668304668304671 0.058240058240058235
1 0.2964782964782965 0.620984620984621 0.026208026208026213 0.09464009464009465
1 0.2723177723177723 0.5278005278005278 0.04504504504504503 0.10628810628810627
1 0.6723996723996722 0.9070889070889071 0.063882063882064 0.06988806988806999
1 0.7342342342342343 0.9522249522249523 0.0286650286650287 0.0815360815360816
1 0.6531531531531531 0.9427609427609428 0.04668304668304664 0.08008008008008005
1 0.6052416052416052 0.8918008918008917 0.02457002457002453 0.11793611793611788
1 0.6535626535626535 0.3552643552643553 0.06715806715806714 0.055328055328055396
1 0.76003276003276 0.2504322504322504 0.03767403767403778 0.11065611065611065
1 0.7436527436527436 0.43971243971243973 0.06552006552006545 0.08444808444808444
1 0.39844389844389844 0.765856765856766 0.04340704340704335 0.06988806988806985
1 0.33865683865683865 0.6748566748566748 0.051597051597051656 0.06552006552006545
1 0.5102375102375102 0.8947128947128948 0.03931203931203932 0.050960050960051004
1 0.47993447993447996 0.8728728728728729 0.02293202293202299 0.10920010920010924
1 0.5262080262080262 0.9595049595049595 0.04176904176904173 0.06406406406406404
1 0.2977067977067977 0.33924833924833925 0.04668304668304671 0.10192010192010191
1 0.2596232596232596 0.43388843388843384 0.07534807534807535 0.058240058240058304
