0 0.5046065737051794 0.4760956175298805 0.06349601593625494 0.18725099601593626
1 0.5733316733067729 0.4203187250996015 0.06648406374501988 0.0836653386454183
1 0.5561503984063747 0.34926958831341304 0.06349601593625501 0.0690571049136786
1 0.5034860557768925 0.30345285524568394 0.05079681274900402 0.12616201859229748
1 0.5427041832669324 0.23705179282868527 0.03361553784860561 0.13678618857901728
1 0.4018924302788845 0.4070385126162019 0.08217131474103581 0.059760956175298786
1 0.41832669322709165 0.3393094289508632 0.07320717131474104 0.06241699867197873
1 0.3641683266932272 0.2855245683930942 0.050049800796812816 0.10624169986719782
1 0.22074203187251 0.4873837981407702 0.05602589641434264 0.13014608233731736
1 0.09860557768924305 0.44355909694555107 0.04332669322709164 0.1381142098273572
1 0.603585657370518 0.8592297476759627 0.06723107569721115 0.050464807436918876
1 0.6491533864541833 0.9077025232403719 0.029880478087649393 0.12084993359893759
1 0.8463645418326695 0.9468791500664011 0.02390438247011943 0.09561752988047814
1 0.7593376494023906 0.6221779548472776 0.06797808764940229 0.05710491367861877
1 0.8362798804780877 0.5 0.06349601593625508 0.05710491367861877
1 0.8893177290836654 0.2324037184594953 0.06499003984063734 0.07171314741035854
1 0.8706424302788847 0.2788844621513944 0.06499003984063748 0.06905710491367863
1 0.9442231075697213 0.3831341301460823 0.025398406374501973 0.11288180610889775
1 0.9177041832669324 0.44355909694555107 0.03660358565737056 0.09827357237715809
1 0.948331673306773 0.19256308100929614 0.06648406374501988 0.053120849933598925
1 0.7033117529880479 0.11620185922974766 0.03361553784860561 0.099601593625498
1 0.7029382470119523 0.19256308100929614 0.06872509960159348 0.05577689243027887
1 0.723854581673307 0.30743691899070386 0.06424302788844628 0.038512616201859265
1 0.6614790836653387 0.3014608233731739 0.05901394422310759 0.053120849933598925
1 0.5897659362549801 0.21447543160690571 0.03361553784860547 0.12084993359893755
1 0.3738794820717132 0.05776892430278885 0.03212151394422314 0.099601593625498
1 0.8019173306772909 0.09229747675962816 0.07246015936254992 0.05710491367861886
1 0.8153635458167332 0.18592297476759626 0.0380976095617531 0.09030544488711816
1 0.7623256972111554 0.4090305444887118 0.041085657370517906 0.1088977423638778
1 0.39741035856573703 0.8579017264276229 0.08217131474103588 0.08233731739707821
1 0.3921812749003985 0.751660026560425 0.07619521912350599 0.08233731739707821
