0 0.5204647746282922 0.48354039502265356 0.053980575097978704 0.17659062102811646
1 0.21103087649402394 0.29482071713147406 0.05154382470119522 0.07702523240371843
1 0.20057270916334663 0.36852589641434264 0.05154382470119522 0.05179282868525895
1 0.24614043824701198 0.41766268260292166 0.035109561752988086 0.10225763612217798
1 0.2988047808764941 0.3705179282868526 0.05079681274900398 0.07436918990703859
1 0.32420318725099606 0.4143426294820717 0.06723107569721115 0.055776892430278904
1 0.3357818725099602 0.47941567065073043 0.05303784860557769 0.09030544488711818
1 0.40413346613545825 0.5119521912350598 0.05378486055776897 0.04382470119521905
1 0.413097609561753 0.5976095617529881 0.055278884462151436 0.06905710491367856
1 0.49265438247011956 0.6088977423638778 0.041085657370517906 0.09694555112881809
1 0.5613794820717132 0.6626826029216467 0.0649900398406374 0.0398406374501991
1 0.6301045816733069 0.6812749003984063 0.051543824701195146 0.11686586985391763
1 0.5789342629482073 0.3950863213811421 0.047808764940239 0.09428950863213807
1 0.5976095617529882 0.1759628154050465 0.059760956175298856 0.08366533864541832
1 0.36640936254980083 0.700531208499336 0.03361553784860561 0.0624169986719788
1 0.3137450199203187 0.7244355909694555 0.040338645418326706 0.06507304116865868
1 0.40413346613545825 0.7735723771580345 0.06723107569721115 0.054448871181938904
1 0.4676294820717132 0.7576361221779548 0.031374501992031865 0.10225763612217775
1 0.5625 0.8266932270916334 0.03735059760956169 0.11022576361221781
1 0.2513695219123506 0.802788844621514 0.029133466135458193 0.09163346613545827
1 0.26705677290836655 0.6354581673306773 0.05901394422310755 0.07304116865869843
1 0.32009462151394424 0.5783532536520584 0.041085657370517906 0.07835325365205847
1 0.13931772908366535 0.5166002656042497 0.051543824701195236 0.05312084993359889
1 0.1381972111553785 0.4535192563081009 0.0552788844621514 0.04382470119521912
1 0.13894422310756974 0.40305444887118197 0.044820717131474105 0.046480743691899064
1 0.09262948207171316 0.3652058432934927 0.028386454183266928 0.1088977423638778
1 0.16210159362549803 0.20053120849933598 0.059760956175298786 0.03718459495351922
1 0.17293326693227093 0.11288180610889775 0.042579681274900416 0.06640106241699868
1 0.2397908366533865 0.05710491367861886 0.059760956175298786 0.03452855245683931
1 0.306648406374502 0.07636122177954847 0.045567729083665326 0.054448871181938904
1 0.3619272908366534 0.07569721115537849 0.035109561752988086 0.042496679946879154
1 0.4089890438247012 0.045816733067729085 0.03809760956175303 0.05444887118193892
1 0.43625498007968133 0.1188579017264276 0.05378486055776897 0.038512616201859216
1 0.40936254980079684 0.16666666666666669 0.04780876494023907 0.035856573705179286
1 0.35669820717131473 0.22045152722443562 0.05154382470119522 0.04515272244355909
1 0.36379482071713154 0.29614873837981404 0.035856573705179286 0.06374501992031871
1 0.4157121513944223 0.25962815405046485 0.03212151394422314 0.0464807436918991
1 0.42392928286852594 0.30079681274900394 0.024651394422310773 0.05179282868525899
1 0.47547310756972117 0.13213811420982735 0.039591633466135506 0.06241699867197875
1 0.4945219123505977 0.199867197875166 0.020916334661354626 0.09960159362549799
1 0.5654880478087649 0.2549800796812749 0.046314741035856526 0.05046480743691898
1 0.48331673306772915 0.3373173970783533 0.049302788844621616 0.04249667994687918
1 0.2801294820717132 0.950199203187251 0.047808764940239 0.062416998671978946
1 0.12512450199203187 0.6706507304116865 0.04855577689243027 0.04780876494023914
1 0.09935258964143427 0.7682602921646746 0.0463147410358566 0.041168658698539105
1 0.1721862549800797 0.7018592297476759 0.033615537848605596 0.1075697211155378
1 0.21850099601593626 0.7642762284196547 0.02016932270916332 0.09694555112881802
1 0.05154382470119522 0.5225763612217795 0.059760956175298814 0.05976095617529872
1 0.08964143426294821 0.6088977423638778 0.04482071713147412 0.06241699867197866
1 0.30067231075697215 0.21845949535192563 0.03660358565737056 0.05710491367861884
1 0.2524900398406375 0.21447543160690571 0.03735059760956176 0.0544488711819389
