0 0.5410466883576311 0.5121250359540983 0.0918962054117928 0.3106877052712452
1 0.5675675675675675 0.34725634725634724 0.13595413595413597 0.09464009464009465
1 0.475020475020475 0.1892801892801893 0.08353808353808354 0.13686413686413684
1 0.5954135954135954 0.18127218127218128 0.11302211302211297 0.07425607425607426
1 0.7293202293202293 0.33342433342433336 0.14004914004914 0.06697606697606695
1 0.6122031122031122 0.6173446173446173 0.0810810810810812 0.09609609609609614
1 0.3947583947583948 0.7178087178087179 0.09172809172809174 0.13104013104013107
1 0.3832923832923833 0.5278005278005279 0.06552006552006545 0.14996814996814997
1 0.43407043407043405 0.3356083356083356 0.07534807534807535 0.11793611793611795
1 0.36445536445536447 0.27081627081627085 0.06552006552006545 0.19510419510419513
1 0.1638001638001638 0.2577122577122577 0.12121212121212123 0.099008099008099
1 0.08394758394758395 0.41860041860041863 0.10237510237510238 0.10337610337610335
1 0.05773955773955774 0.5583765583765584 0.07616707616707616 0.12667212667212674
1 0.033169533169533166 0.7309127309127309 0.04176904176904177 0.1805441805441805
1 0.10483210483210482 0.6981526981526982 0.04914004914004913 0.1528801528801528
1 0.15806715806715807 0.6653926653926654 0.049140049140049144 0.1572481572481572
1 0.19246519246519248 0.856128856128856 0.09336609336609338 0.11356811356811364
1 0.095004095004095 0.8706888706888707 0.0475020475020475 0.17763217763217767
1 0.46232596232596235 0.8197288197288196 0.051597051597051614 0.16889616889616904
1 0.3759213759213759 0.9216489216489216 0.08190008190008193 0.11939211939211958
1 0.8546273546273545 0.9078169078169077 0.13677313677313677 0.10628810628810627
1 0.24119574119574122 0.1790881790881791 0.11384111384111385 0.08444808444808444
1 0.19205569205569206 0.3982163982163982 0.08435708435708435 0.1441441441441441
1 0.2571662571662572 0.7054327054327055 0.06552006552006553 0.21112021112021112
