0 0.44188499658400765 0.5825881884856223 0.09979261579932683 0.3699737220932974
1 0.33497133497133497 0.1506961506961507 0.09336609336609339 0.17035217035217035
1 0.35012285012285005 0.46810446810446804 0.08763308763308764 0.12084812084812079
1 0.42874692874692877 0.61006461006461 0.0450450450450451 0.18345618345618347
1 0.4901719901719902 0.7105287105287106 0.06961506961506964 0.17763217763217745
1 0.5962325962325962 0.7738647738647739 0.05896805896805887 0.19364819364819355
1 0.7137592137592138 0.6704886704886706 0.08599508599508596 0.12376012376012369
1 0.7203112203112204 0.505960505960506 0.11711711711711714 0.11211211211211214
1 0.6023751023751024 0.19000819000819 0.1253071253071253 0.1033761033761034
1 0.7223587223587223 0.12448812448812449 0.09172809172809167 0.19656019656019655
1 0.4762489762489763 0.8968968968968969 0.06470106470106472 0.15724815724815727
1 0.5446355446355446 0.9536809536809536 0.03767403767403763 0.049504049504049304
1 0.6621621621621623 0.8867048867048867 0.058149058149058276 0.15433615433615444
1 0.7571662571662572 0.8284648284648284 0.05651105651105652 0.10192010192010187
1 0.2698607698607699 0.6690326690326691 0.05978705978705978 0.1674401674401674
1 0.35053235053235055 0.6755846755846755 0.042588042588042614 0.20966420966420962
1 0.32186732186732187 0.8976248976248976 0.04750204750204752 0.1790881790881791
1 0.25757575757575757 0.46446446446446443 0.06470106470106472 0.1863681863681864
1 0.5864045864045864 0.31376831376831377 0.07534807534807542 0.0888160888160888
