0 0.5397161354581674 0.5146082337317397 0.07246015936254978 0.15272244355909698
1 0.6816484063745021 0.5577689243027888 0.06349601593625494 0.045152722443559126
1 0.6301045816733069 0.6128818061088979 0.05901394422310759 0.046480743691899064
1 0.5628735059760958 0.32138114209827356 0.029133466135458193 0.11155378486055781
1 0.8034113545816736 0.26759628154050463 0.03510956175298787 0.10225763612217798
1 0.872136454183267 0.2888446215139442 0.057519920318725194 0.05179282868525898
1 0.9352589641434264 0.29083665338645415 0.046314741035856456 0.09030544488711816
1 0.9711155378486057 0.29017264276228416 0.040338645418326706 0.1022576361221779
1 0.9169571713147411 0.36055776892430275 0.06499003984063748 0.05710491367861884
1 0.8377739043824702 0.35059760956175295 0.06648406374502003 0.045152722443559126
1 0.4198207171314742 0.8286852589641434 0.06424302788844621 0.055776892430278904
1 0.4967629482071714 0.7576361221779547 0.07470119521912345 0.05179282868525902
1 0.5434511952191236 0.8313413014608233 0.06349601593625501 0.050464807436919015
1 0.6835159362549803 0.7921646746347942 0.06125498007968119 0.0544488711819389
1 0.8086404382470121 0.7895086321381142 0.05901394422310759 0.03851261620185909
1 0.9651394422310758 0.8585657370517927 0.029880478087649466 0.09960159362549803
1 0.7795069721115538 0.16932270916334663 0.06499003984063734 0.05710491367861884
1 0.8784860557768925 0.09362549800796813 0.04482071713147406 0.09960159362549803
1 0.6215139442231074 0.06573705179282864 0.037350597609561664 0.11553784860557763
1 0.5158117529880478 0.9209827357237717 0.06200199203187253 0.0624169986719788
1 0.422808764940239 0.3904382470119522 0.04930278884462148 0.0849933598937583
1 0.18376494023904386 0.5119521912350596 0.056772908366533856 0.08100929614873842
1 0.22522410358565742 0.5610889774236388 0.07096613545816734 0.05710491367861891
1 0.20468127490039842 0.7974767596281541 0.05976095617529882 0.07569721115537846
