0 0.5131972111553785 0.5325365205843293 0.10308764940239044 0.0929614873837982
1 0.5976095617529882 0.4621513944223108 0.07320717131474097 0.06640106241699868
1 0.615164342629482 0.5312084993359893 0.06499003984063755 0.07702523240371846
1 0.4265438247011953 0.5053120849933599 0.031374501992031935 0.11553784860557777
1 0.4616533864541833 0.32138114209827356 0.040338645418326706 0.10624169986719792
1 0.5094621513944222 0.38379814077025204 0.04033864541832675 0.13545816733067687
1 0.5565239043824701 0.34395750332005315 0.04332669322709165 0.11420982735723768
1 0.30328685258964144 0.32802124833997337 0.044820717131474126 0.13811420982735723
1 0.38769920318725104 0.696547144754316 0.041832669322709105 0.10225763612217804
1 0.5061005976095617 0.6407702523240372 0.04706175298804773 0.10491367861885792
1 0.5632470119521913 0.648738379814077 0.050796812749003946 0.09428950863213821
1 0.30291334661354585 0.5185922974767596 0.03361553784860561 0.10756972111553793
1 0.37275896414342635 0.5385126162018592 0.04332669322709165 0.11022576361221781
1 0.3891932270916335 0.6128818061088978 0.07918326693227094 0.05710491367861877
1 0.2782619521912351 0.6314741035856574 0.07096613545816734 0.06241699867197866
1 0.3794820717131475 0.8413014608233732 0.031374501992031796 0.12881806108897748
1 0.4945219123505977 0.8691899070385125 0.04183266932270918 0.12881806108897734
1 0.5240288844621515 0.9249667994687915 0.030627490039840666 0.10756972111553792
1 0.5490537848605578 0.8280212483399734 0.04183266932270925 0.08897742363877825
1 0.5864043824701196 0.8373173970783532 0.04033864541832664 0.11288180610889768
1 0.6506474103585659 0.7908366533864544 0.035856573705179355 0.10491367861885792
1 0.7107818725099603 0.8067729083665338 0.06499003984063734 0.07569721115537846
1 0.6577440239043826 0.9256308100929616 0.06050796812749006 0.09561752988047814
1 0.4657619521912351 0.7144754316069057 0.039591633466135506 0.10624169986719792
1 0.4373754980079682 0.750996015936255 0.041085657370517906 0.12616201859229748
1 0.31337151394422313 0.8041168658698539 0.05453187250996013 0.0756972111553786
1 0.4302216033525009 0.9050306393374964 0.04556772908366538 0.06108897742363899
1 0.45679780876494036 0.9156706507304117 0.04855577689243027 0.08100929614873835
1 0.35856573705179284 0.9594953519256307 0.040338645418326706 0.08100929614873849
1 0.7212400398406377 0.6799468791500664 0.060507968127489986 0.08499335989375836
1 0.7201195219123506 0.5770252324037185 0.07021912350597603 0.05710491367861891
1 0.684636454183267 0.5305444887118194 0.0799302788844622 0.05976095617529872
1 0.6809013944223108 0.45949535192563074 0.07246015936254978 0.05312084993359896
1 0.6913595617529882 0.3393094289508632 0.032121513944223065 0.12881806108897745
1 0.7249750996015938 0.3798140770252324 0.06797808764940243 0.0796812749003984
