0 0.45720099023591876 0.5791613104650213 0.14823914823914813 0.13977613977614006
1 0.48689598689598684 0.7367367367367368 0.07944307944307943 0.232960232960233
1 0.583947583947584 0.7644007644007644 0.09336609336609335 0.1747201747201747
1 0.6187551187551188 0.48557648557648553 0.11056511056511056 0.1383201383201383
1 0.3808353808353809 0.3683683683683684 0.07207207207207204 0.18636818636818636
1 0.35626535626535627 0.262080262080262 0.08353808353808358 0.131040131040131
1 0.3058968058968059 0.16671216671216668 0.06797706797706798 0.22276822276822272
1 0.25184275184275184 0.2154882154882155 0.04176904176904173 0.21257621257621256
1 0.3456183456183456 0.7687687687687688 0.07371007371007372 0.22422422422422428
1 0.4402129402129403 0.86996086996087 0.05814905814905806 0.1994721994721995
1 0.7637182637182636 0.7629447629447629 0.0450450450450451 0.1747201747201747
1 0.7502047502047502 0.4921284921284921 0.06224406224406238 0.09900809900809897
1 0.4680589680589681 0.27372827372827374 0.10073710073710075 0.12230412230412231
1 0.4934479934479934 0.13977613977613979 0.11220311220311224 0.08444808444808444
1 0.5847665847665847 0.10992810992810993 0.05733005733005733 0.19073619073619075
1 0.6867321867321868 0.21476021476021476 0.11384111384111387 0.15579215579215577
1 0.3308763308763309 0.5168805168805168 0.08681408681408684 0.165984165984166
