0 0.46422360630234394 0.5433492572374936 0.10109752486468324 0.0902974669572842
1 0.5501743027888447 0.448207171314741 0.06648406374501996 0.05179282868525902
1 0.575199203187251 0.3891102257636122 0.05677290836653384 0.050464807436918946
1 0.6510209163346614 0.6586985391766268 0.041085657370517975 0.06374501992031881
1 0.7036852589641436 0.7841965471447543 0.02838645418326692 0.1022576361221779
1 0.5610059760956176 0.8200531208499336 0.03735059760956169 0.09694555112881816
1 0.5994770916334662 0.7118193891102257 0.030627490039840666 0.07171314741035857
1 0.5643675298804781 0.051128818061088974 0.050049800796812746 0.05976095617529881
1 0.5135707171314742 0.1248339973439575 0.03809760956175296 0.05577689243027889
1 0.16247509960159362 0.20916334661354583 0.06349601593625497 0.04116865869853914
1 0.1680776892430279 0.2569721115537849 0.06424302788844621 0.03585657370517932
1 0.22821215139442233 0.199867197875166 0.044073705179282927 0.030544488711819362
1 0.2106573705179283 0.04847277556440902 0.03735059760956176 0.03585657370517928
1 0.3100099601593626 0.10889774236387784 0.04482071713147409 0.04515272244355908
1 0.3503486055776893 0.13413014608233734 0.031374501992031865 0.07702523240371847
1 0.30291334661354585 0.249667994687915 0.035109561752988086 0.0770252324037185
1 0.33727589641434264 0.23837981407702521 0.032121513944223065 0.0836653386454183
1 0.2211155378486056 0.42895086321381143 0.059760956175298856 0.04780876494023907
1 0.22036852589641437 0.3691899070385126 0.07171314741035857 0.050464807436918946
1 0.12064243027888448 0.6699867197875168 0.054531872509960146 0.05179282868525902
1 0.07507470119521913 0.7098273572377158 0.053037848605577684 0.04382470119521912
1 0.09636454183266935 0.7822045152722444 0.050796812749004 0.03984063745019924
1 0.0724601593625498 0.8286852589641434 0.05826693227091633 0.05046480743691916
1 0.06274900398406374 0.8778220451527224 0.059760956175298814 0.04249667994687911
1 0.06648406374501993 0.9229747675962815 0.04780876494023906 0.02390438247011943
1 0.14828187250996017 0.7835325365205844 0.0276394422310757 0.10889774236387793
1 0.19011454183266935 0.8067729083665338 0.03062749003984063 0.09428950863213814
1 0.2692978087649403 0.7496679946879149 0.030627490039840596 0.09694555112881786
1 0.30627490039840644 0.7224435590969455 0.03286852589641434 0.09030544488711825
1 0.34773406374502 0.6892430278884462 0.021663346613545825 0.10624169986719792
1 0.3891932270916335 0.603585657370518 0.04332669322709158 0.05179282868525895
1 0.4299053784860558 0.6088977423638778 0.021663346613545825 0.1022576361221779
1 0.4937749003984064 0.599601593625498 0.04780876494023907 0.059760956175298786
1 0.5109561752988049 0.5431606905710491 0.04930278884462148 0.045152722443559196
1 0.45866533864541836 0.7151394422310757 0.02838645418326699 0.08897742363877825
1 0.45679780876494036 0.854581673306773 0.029133466135458193 0.10491367861885792
1 0.34175796812749015 0.9077025232403719 0.05751992031872511 0.04913678618857901
1 0.39367529880478086 0.9150066401062418 0.04183266932270918 0.06108897742363879
1 0.3032868525896415 0.8366533864541833 0.03436254980079685 0.09827357237715816
1 0.23904382470119528 0.7815405046480745 0.029880478087649428 0.1075697211155378
1 0.0892679282868526 0.6108897742363878 0.05901394422310758 0.04515272244355906
1 0.06685756972111555 0.5265604249667994 0.054531872509960166 0.05179282868525888
1 0.020542828685258967 0.3764940239043824 0.0276394422310757 0.0916334661354582
1 0.11952191235059761 0.30013280212483395 0.05826693227091633 0.04249667994687918
1 0.16172808764940239 0.32868525896414347 0.03212151394422312 0.04913678618857904
1 0.12998007968127492 0.4468791500664011 0.038844621513944216 0.06507304116865875
1 0.14342629482071717 0.5192563081009296 0.03286852589641434 0.04515272244355906
1 0.036977091633466144 0.20584329349269587 0.03212151394422311 0.09561752988047807
1 0.03398904382470121 0.1440903054448871 0.04407370517928288 0.04382470119521912
1 0.21962151394422313 0.1294820717131474 0.04780876494023907 0.04913678618857903
1 0.4030129482071713 0.17330677290836655 0.06050796812749006 0.04382470119521912
1 0.44297808764940244 0.12284196547144755 0.06573705179282868 0.038512616201859216
1 0.6103087649402392 0.19455511288180605 0.03585657370517943 0.04913678618857897
1 0.624128486055777 0.12284196547144756 0.029133466135458193 0.046480743691899085
1 0.6009711155378487 0.547144754316069 0.06349601593625501 0.08764940239043824
