0 0.4620268924302789 0.4920318725099602 0.07544820717131479 0.1474103585657371
1 0.1210159362549801 0.7244355909694555 0.06424302788844624 0.04382470119521912
1 0.19833167330677293 0.7370517928286853 0.03510956175298805 0.08764940239043824
1 0.25883964143426297 0.754980079681275 0.041085657370517906 0.09428950863213814
1 0.40413346613545825 0.7868525896414343 0.03286852589641434 0.09694555112881802
1 0.4934013944223108 0.8280212483399734 0.059013944223107656 0.06507304116865868
1 0.7750249003984063 0.4402390438247012 0.06349601593625508 0.046480743691899064
1 0.8542081673306774 0.5152722443559097 0.06349601593625494 0.05843293492695878
1 0.8030378486055778 0.19787516600265603 0.07021912350597617 0.0796812749003984
1 0.5841633466135459 0.16401062416998669 0.0552788844621513 0.06772908366533865
1 0.49638944223107573 0.2377158034528552 0.06050796812749006 0.053120849933598925
1 0.3925547808764941 0.1852589641434263 0.04556772908366526 0.07038512616201857
1 0.14155876494023908 0.43559096945551135 0.03660358565737054 0.10624169986719785
1 0.2569721115537849 0.4946879150066401 0.07768924302788843 0.05444887118193897
1 0.309636454183267 0.5564409030544489 0.08142430278884465 0.055776892430278974
1 0.18301792828685262 0.5830013280212484 0.06723107569721117 0.07436918990703859
1 0.11018426294820717 0.49734395750332006 0.05004980079681277 0.05710491367861877
1 0.05677290836653388 0.45617529880478086 0.044820717131474105 0.08632138114209824
1 0.07133964143426295 0.34528552456839307 0.04257968127490041 0.11686586985391763
1 0.2039342629482072 0.1387782204515272 0.02838645418326692 0.08897742363877822
1 0.2506225099601594 0.17197875166002657 0.054531872509960166 0.059760956175298786
1 0.18899402390438247 0.21713147410358566 0.05677290836653388 0.06772908366533863
1 0.07993027888446216 0.8957503320053121 0.04332669322709162 0.05710491367861877
1 0.12475099601593627 0.8997343957503321 0.03286852589641434 0.08632138114209838
1 0.1508964143426295 0.8007968127490039 0.04183266932270915 0.06374501992031881
1 0.2166334661354582 0.8280212483399734 0.06424302788844621 0.05179282868525902
1 0.37724103585657376 0.9382470119521912 0.029880478087649393 0.08897742363877825
1 0.6039591633466136 0.9223107569721115 0.039591633466135506 0.09163346613545827
1 0.5427041832669323 0.8419654714475432 0.03212151394422299 0.11952191235059784
1 0.4437250996015936 0.6746347941567066 0.03884462151394423 0.09561752988047814
1 0.48742529880478086 0.6069057104913678 0.045567729083665326 0.10092961487383796
1 0.5333665338645419 0.4827357237715803 0.06723107569721115 0.059760956175298786
1 0.606573705179283 0.38711819389110225 0.05229083665338642 0.07569721115537846
1 0.0724601593625498 0.10491367861885792 0.03884462151394423 0.10624169986719789
1 0.30739541832669326 0.058432934926958835 0.0545318725099602 0.06905710491367863
1 0.6121762948207171 0.06640106241699867 0.07694223107569713 0.050464807436919
1 0.08590637450199204 0.6361221779548473 0.05677290836653387 0.06374501992031867
