0 0.5148681153943823 0.4322275033037136 0.059760956175298655 0.1490809035576086
1 0.6080521987062619 0.3560685444850192 0.034362549800796824 0.10358565737051836
1 0.6263695219123506 0.4269588313413014 0.05303784860557777 0.0544488711819389
1 0.6625996015936256 0.5577689243027888 0.04183266932270925 0.11952191235059757
1 0.7029382470119523 0.6221779548472776 0.043326693227091796 0.09428950863213807
1 0.49340139442231085 0.7470119521912351 0.02614541832669332 0.10491367861885777
1 0.5651145418326693 0.6367861885790173 0.05901394422310759 0.06772908366533863
1 0.5281374501992032 0.5637450199203187 0.02689243027888445 0.12350597609561753
1 0.49788346613545825 0.5697211155378485 0.029133466135458193 0.11420982735723775
1 0.46949701195219135 0.6274900398406374 0.029133466135458193 0.11553784860557763
1 0.43065239043824705 0.6029216467463479 0.03660358565737056 0.1088977423638778
1 0.32905876494023906 0.3725099601593625 0.06349601593625503 0.06507304116865868
1 0.36977091633466136 0.29482071713147406 0.05229083665338649 0.07171314741035854
1 0.4216882470119522 0.23041168658698538 0.05303784860557777 0.06772908366533863
1 0.40637450199203196 0.12151394422310759 0.03286852589641441 0.10756972111553788
1 0.4665089641434264 0.13678618857901728 0.04706175298804787 0.08233731739707836
1 0.5124501992031872 0.07436918990703852 0.031374501992031796 0.09296148738379814
1 0.6005976095617531 0.17795484727755642 0.023904382470119643 0.08764940239043824
1 0.5748256972111554 0.2689243027888446 0.05751992031872511 0.062416998671978766
1 0.6909860557768925 0.18061088977423637 0.0552788844621513 0.058432934926958814
1 0.7048057768924303 0.2649402390438247 0.032121513944223065 0.09960159362549803
1 0.665214143426295 0.3233731739707835 0.02614541832669332 0.08632138114209834
1 0.6977091633466137 0.452191235059761 0.046314741035856456 0.08100929614873842
1 0.26967131474103584 0.27091633466135456 0.03735059760956176 0.10358565737051795
1 0.3141185258964143 0.17197875166002652 0.033615537848605576 0.06507304116865871
1 0.35258964143426297 0.05511288180610889 0.025398406374502046 0.08897742363877821
1 0.3690239043824701 0.14741035856573706 0.029880478087649393 0.10358565737051792
1 0.2618276892430279 0.46082337317397076 0.05154382470119522 0.0796812749003984
1 0.39516932270916344 0.3970783532536521 0.04033864541832664 0.06905710491367863
1 0.4317729083665338 0.4495351925630811 0.03884462151394441 0.09960159362549785
1 0.46426792828685265 0.40571049136786186 0.054531872509960166 0.07038512616201857
1 0.4848107569721116 0.48539176626826025 0.055278884462151436 0.05179282868525902
1 0.36528884462151395 0.6328021248339973 0.03735059760956176 0.08100929614873827
1 0.2483814741035857 0.6135458167330676 0.04855577689243027 0.09827357237715795
1 0.6301045816733067 0.09163346613545816 0.0470617529880478 0.06905710491367861
1 0.6599850597609563 0.05245683930942896 0.039591633466135506 0.07304116865869854
1 0.735170237720853 0.3319500204967069 0.061996241359083985 0.0391612916985933
