0 0.5133198471218465 0.43421864197415844 0.056471264273504664 0.17716579830038393
1 0.5535358565737052 0.5345285524568394 0.03286852589641441 0.12616201859229748
1 0.6383217131474104 0.42297476759628155 0.041085657370517906 0.10491367861885792
1 0.6917330677290837 0.35790172642762286 0.029880478087649324 0.09960159362549803
1 0.7511205179282869 0.5099601593625498 0.03809760956175296 0.09296148738379813
1 0.6637201195219123 0.5730411686586986 0.03510956175298802 0.10225763612217798
1 0.583042828685259 0.6069057104913678 0.032121513944223065 0.09030544488711818
1 0.5221613545816733 0.5849933598937583 0.02689243027888445 0.09960159362549803
1 0.4829432270916335 0.600929614873838 0.029133466135458193 0.10756972111553793
1 0.42841135458167334 0.4628154050464807 0.06648406374501996 0.06507304116865868
1 0.3959163346613546 0.5590969455511288 0.03286852589641427 0.09827357237715809
1 0.45306274900398413 0.6779548472775565 0.06648406374501988 0.0624169986719788
1 0.5434511952191236 0.7775564409030545 0.05154382470119522 0.1022576361221779
1 0.5408366533864544 0.10491367861885792 0.040338645418326775 0.100929614873838
1 0.4840637450199204 0.055112881806108904 0.035856573705179355 0.07569721115537849
1 0.44783366533864544 0.11487383798140768 0.03510956175298802 0.09428950863213811
1 0.41272410358565736 0.21779548472775567 0.04855577689243027 0.058432934926958814
1 0.479581673306773 0.2509960159362549 0.044820717131474196 0.058432934926958814
1 0.46837649402390447 0.297476759628154 0.05976095617529879 0.04249667994687918
1 0.6009711155378487 0.24767596281540502 0.06349601593625501 0.04382470119521912
1 0.6263695219123506 0.0644090305444887 0.032121513944223065 0.10225763612217793
1 0.6696962151394423 0.07104913678618859 0.03361553784860547 0.09428950863213811
1 0.7077938247011955 0.26626826029216466 0.027639442231075718 0.08366533864541836
1 0.4224352589641434 0.35325365205843295 0.054531872509960166 0.05312084993359896
1 0.332046812749004 0.36586985391766264 0.04556772908366526 0.06507304116865875
1 0.33652888446215146 0.28552456839309426 0.06349601593625508 0.04780876494023907
1 0.35109561752988055 0.05312084993359893 0.03286852589641434 0.0849933598937583
1 0.37089143426294824 0.11155378486055778 0.041085657370517906 0.10092961487383798
1 0.2980577689243028 0.07171314741035856 0.037350597609561796 0.11155378486055775
1 0.25211653386454186 0.3379814077025232 0.062001992031872524 0.05179282868525895
1 0.2397908366533865 0.4329349269588314 0.02539840637450201 0.1328021248339973
1 0.2943227091633467 0.4090305444887118 0.03436254980079681 0.08233731739707835
1 0.32382968127490047 0.49933598937583 0.04855577689243027 0.03452855245683928
1 0.36640936254980083 0.4395750332005312 0.021663346613545825 0.08233731739707835
1 0.735433266932271 0.41035856573705176 0.030627490039840666 0.04515272244355906
1 0.3962898406374502 0.7629482071713147 0.04855577689243027 0.06241699867197866
1 0.497136454183267 0.16401062416998669 0.032121513944223065 0.06772908366533865
1 0.738421314741036 0.07835325365205843 0.026145418326693176 0.0849933598937583
1 0.24800796812749007 0.24701195219123506 0.023904382470119535 0.08233731739707839
