0 0.5200655200655202 0.5765765765765767 0.10647010647010684 0.3407043407043408
1 0.5106470106470107 0.26062426062426064 0.07780507780507782 0.22422422422422422
1 0.6601146601146601 0.3814723814723815 0.09828009828009826 0.1397761397761398
1 0.6547911547911548 0.543088543088543 0.13185913185913187 0.12521612521612518
1 0.69000819000819 0.6442806442806444 0.13022113022113024 0.1295841295841295
1 0.6617526617526618 0.8066248066248066 0.13759213759213756 0.11065611065611052
1 0.4004914004914005 0.7112567112567112 0.11466011466011466 0.09464009464009465
1 0.31244881244881245 0.8524888524888524 0.1253071253071253 0.11502411502411505
1 0.3058968058968059 0.5248885248885249 0.0712530712530712 0.19073619073619072
1 0.29811629811629814 0.38147238147238144 0.12612612612612611 0.09900809900809897
1 0.16175266175266179 0.44844844844844844 0.09582309582309585 0.1339521339521339
1 0.16420966420966424 0.6595686595686595 0.09090909090909094 0.1892801892801893
1 0.04873054873054874 0.6646646646646647 0.09746109746109748 0.17326417326417334
1 0.18796068796068796 0.323960323960324 0.11384111384111384 0.11502411502411501
1 0.34152334152334146 0.2125762125762126 0.10483210483210481 0.2154882154882155
1 0.47706797706797716 0.08736008736008737 0.09254709254709262 0.17472017472017473
1 0.6576576576576576 0.0546000546000546 0.1277641277641279 0.1092001092001092
1 0.24447174447174447 0.6734006734006733 0.06306306306306307 0.10920010920010924
1 0.16093366093366093 0.8634088634088635 0.10237510237510236 0.1193921193921193
1 0.16912366912366913 0.15870415870415872 0.06306306306306306 0.17180817180817182
