0 0.5098280098280099 0.6086086086086087 0.09090909090909094 0.33779233779233786
1 0.36814086814086816 0.5103285103285102 0.12203112203112201 0.11211211211211214
1 0.37796887796887796 0.6100646100646101 0.1269451269451269 0.08153608153608168
1 0.3521703521703522 0.7512967512967513 0.11466011466011466 0.10483210483210485
1 0.4488124488124488 0.8422968422968422 0.11138411138411136 0.08881608881608884
1 0.38124488124488126 0.918008918008918 0.05978705978705982 0.12084812084812072
1 0.5151515151515151 0.9522249522249523 0.12940212940212945 0.08444808444808444
1 0.6474201474201473 0.6195286195286195 0.10237510237510222 0.10628810628810634
1 0.6416871416871417 0.4324324324324324 0.05487305487305498 0.1892801892801893
1 0.5614250614250614 0.3785603785603786 0.1253071253071253 0.07571207571207574
1 0.36045139008301985 0.2878006449807869 0.11222597637764384 0.09900809900809895
1 0.4177814474130772 0.2601366173167592 0.11222597637764384 0.09900809900809895
1 0.49706105527806493 0.18283572848497184 0.11222597637764382 0.09900809900809897
1 0.5876330876330875 0.24679224679224682 0.10728910728910726 0.07716807716807718
1 0.6707616707616708 0.1295841295841296 0.10974610974610968 0.0931840931840932
1 0.5090090090090091 0.0968240968240968 0.07616707616707614 0.17326417326417323
1 0.2641277641277641 0.10337610337610335 0.0696150696150696 0.16016016016016013
1 0.34152334152334146 0.07352807352807353 0.06715806715806714 0.14705614705614706
1 0.4508599508599509 0.0647920647920648 0.04013104013104012 0.11211211211211213
1 0.6875511875511876 0.2962962962962963 0.05487305487305477 0.14414414414414417
1 0.7457002457002457 0.24460824460824462 0.04504504504504496 0.16598416598416596
1 0.7321867321867321 0.8393848393848394 0.07371007371007365 0.19656019656019652
1 0.7104832104832104 0.4688324688324688 0.07289107289107279 0.15433615433615436
