0 0.578950632317803 0.40750164394738797 0.21697371112055527 0.1654472419992246
1 0.5077805077805079 0.24970424970424973 0.09500409500409511 0.21985621985621984
1 0.35176085176085164 0.3079443079443079 0.0843570843570843 0.2256802256802258
1 0.3726453726453727 0.487032487032487 0.10155610155610155 0.14123214123214126
1 0.7162162162162161 0.28319228319228323 0.12858312858312856 0.1208481208481209
1 0.5532350532350532 0.7316407316407316 0.06470106470106465 0.19947219947219957
1 0.7051554501020347 0.5985306077197684 0.12543606564608054 0.10823272303087361
1 0.7522522522522521 0.10192010192010192 0.05651105651105652 0.17180817180817182
1 0.2596232596232596 0.5168805168805168 0.07534807534807535 0.17763217763217753
1 0.3132678132678133 0.6712166712166712 0.05814905814905814 0.1951041951041951
1 0.3714168714168714 0.6937846937846938 0.06797706797706794 0.1936481936481936
1 0.3996723996723997 0.9012649012649012 0.10810810810810806 0.06697606697606702
1 0.2457002457002457 0.9129129129129129 0.04586404586404587 0.14268814268814267
1 0.47993447993447996 0.7185367185367185 0.05077805077805081 0.21985621985621975
1 0.5696150696150696 0.875056875056875 0.05814905814905814 0.19219219219219214
1 0.6437346437346437 0.819000819000819 0.0704340704340705 0.12084812084812085
1 0.6658476658476659 0.918008918008918 0.06715806715806714 0.10337610337610342
