0 0.46352091633466147 0.4721115537848605 0.07694223107569727 0.1075697211155378
1 0.4821962151394423 0.3738379814077025 0.05303784860557769 0.0677290836653387
1 0.5423306772908367 0.3240371845949535 0.05677290836653384 0.06640106241699865
1 0.5423306772908367 0.4256308100929614 0.05677290836653384 0.05710491367861884
1 0.5927539840637451 0.3791500664010624 0.03660358565737056 0.09960159362549803
1 0.6043326693227092 0.4873837981407702 0.05677290836653384 0.06108897742363879
1 0.5781872509960161 0.5869853917662682 0.03436254980079674 0.09561752988047814
1 0.5445717131474105 0.6626826029216468 0.04780876494023907 0.050464807436919015
1 0.643550796812749 0.6387782204515272 0.045567729083665395 0.07968127490039834
1 0.5949950199203188 0.15604249667994688 0.05901394422310759 0.05710491367861888
1 0.5524153386454185 0.24037184594953515 0.06200199203187253 0.047808764940239036
1 0.4250498007968128 0.29083665338645415 0.0463147410358566 0.06108897742363879
1 0.4149651394422311 0.21181938911022577 0.03212151394422314 0.08632138114209827
1 0.38545816733067734 0.14077025232403717 0.050796812749003946 0.03187250996015937
1 0.4198207171314741 0.1162018592297477 0.040338645418326706 0.04913678618857903
1 0.22335657370517933 0.3844621513944223 0.055278884462151436 0.041168658698539105
1 0.28610557768924305 0.3705179282868526 0.02838645418326692 0.08499335989375836
1 0.3260707171314741 0.3864541832669323 0.05154382470119519 0.05312084993359896
1 0.34960159362549803 0.3260292164674635 0.04332669322709165 0.06772908366533863
1 0.3036603585657371 0.25697211155378485 0.03361553784860561 0.09694555112881809
1 0.25547808764940244 0.5763612217795484 0.0463147410358566 0.06108897742363879
1 0.31635956175298807 0.6447543160690572 0.06050796812749002 0.04913678618857901
1 0.24539342629482075 0.7888446215139442 0.05154382470119522 0.06374501992031881
1 0.10159362549800799 0.5816733067729083 0.04332669322709162 0.07968127490039847
1 0.1314741035856574 0.4953519256308101 0.0657370517928287 0.047808764940239
1 0.08889442231075698 0.3539176626826029 0.03436254980079681 0.1022576361221779
1 0.045941235059760964 0.32735723771580344 0.04556772908366535 0.04382470119521912
1 0.051170318725099605 0.4050464807436919 0.032121513944223114 0.07436918990703852
1 0.06611055776892431 0.452191235059761 0.05303784860557769 0.035856573705179286
1 0.1632221115537849 0.4442231075697211 0.05004980079681277 0.046480743691898994
1 0.16471613545816732 0.37051792828685265 0.05303784860557768 0.04515272244355906
1 0.17255976095617534 0.25630810092961487 0.023904382470119535 0.09827357237715806
1 0.14716135458167334 0.1799468791500664 0.0702191235059761 0.03320053120849934
1 0.12736553784860558 0.08100929614873838 0.03809760956175298 0.08233731739707835
1 0.08142430278884463 0.07702523240371846 0.047808764940239064 0.0451527224435591
1 0.17293326693227093 0.09096945551128818 0.04855577689243029 0.038512616201859216
1 0.263695219123506 0.07636122177954847 0.038844621513944196 0.05179282868525896
1 0.35109561752988055 0.05577689243027888 0.029880478087649393 0.0849933598937583
1 0.3260707171314741 0.14143426294820716 0.05154382470119519 0.04382470119521912
1 0.17965637450199207 0.6288180610889774 0.04407370517928287 0.059760956175298786
1 0.20468127490039845 0.6095617529880478 0.03884462151394423 0.07702523240371839
1 0.15575199203187254 0.7370517928286853 0.05154382470119522 0.047808764940239
1 0.09561752988047809 0.751660026560425 0.03884462151394422 0.061088977423638655
1 0.062375498007968135 0.695219123505976 0.03510956175298806 0.04913678618857901
1 0.11242529880478087 0.8705179282868525 0.054531872509960166 0.06507304116865853
1 0.24800796812749007 0.9116865869853918 0.0552788844621514 0.05444887118193904
1 0.3850846613545817 0.8804780876494024 0.027639442231075718 0.10889774236387766
1 0.43027888446215146 0.6938911022576362 0.055278884462151436 0.04648074369189913
1 0.4728585657370519 0.597609561752988 0.05229083665338642 0.061088977423638724
1 0.5602589641434264 0.8173970783532536 0.031374501992031935 0.10225763612217804
1 0.552788844621514 0.9209827357237714 0.03286852589641441 0.08366533864541836
1 0.4328934262948208 0.950199203187251 0.030627490039840666 0.06507304116865868
