0 0.5228259098791272 0.6403327760449596 0.21177384835227003 0.16452816452816507
1 0.6475862583522332 0.6652037044295948 0.14961553044881992 0.10628810628810656
1 0.24733824733824733 0.2045682045682046 0.06224406224406227 0.1994721994721995
1 0.17854217854217858 0.5212485212485213 0.05405405405405407 0.200928200928201
1 0.10032760032760032 0.32323232323232326 0.056511056511056514 0.1951041951041951
1 0.09377559377559379 0.14487214487214486 0.11384111384111385 0.11211211211211213
1 0.1818181818181818 0.3414323414323414 0.0819000819000819 0.15288015288015283
1 0.44922194922194925 0.09245609245609245 0.07616707616707614 0.1790881790881791
1 0.5843570843570843 0.25188825188825187 0.06797706797706794 0.198016198016198
1 0.7539566194947779 0.29338891783326915 0.13178350647630893 0.10976541998536965
1 0.6462593786860998 0.3631466590686896 0.058444431275240356 0.26229105666798447
1 0.7272727272727273 0.7491127491127492 0.07207207207207218 0.19364819364819358
1 0.7821457821457821 0.8823368823368825 0.1195741195741195 0.14851214851214864
1 0.45659295659295657 0.8583128583128583 0.06470106470106472 0.2256802256802257
1 0.3157248157248157 0.7134407134407134 0.10892710892710894 0.09318409318409322
1 0.22932022932022933 0.6988806988806988 0.07862407862407864 0.1863681863681864
1 0.08845208845208845 0.6843206843206844 0.08026208026208029 0.20384020384020374
1 0.07125307125307125 0.5008645008645009 0.1081081081081081 0.12812812812812807
1 0.33382766947285064 0.859482128470645 0.09405328316118194 0.09027209027209059
1 0.25880425880425884 0.4135044135044134 0.10647010647010646 0.08153608153608154
1 0.416052416052416 0.428064428064428 0.0704340704340705 0.18928018928018936
1 0.49672399672399675 0.2722722722722723 0.08108108108108106 0.1426881426881427
1 0.3988533988533989 0.17763217763217767 0.06060606060606055 0.17763217763217767
1 0.6187551187551188 0.8554008554008554 0.07452907452907453 0.20820820820820812
1 0.9352989352989354 0.527072527072527 0.1261261261261261 0.12230412230412227
