0 0.4494043236072088 0.6303792502357777 0.04822281081889729 0.17642516238841288
1 0.4900398406374502 0.7118193891102257 0.03436254980079674 0.09561752988047814
1 0.5486802788844622 0.7151394422310756 0.06200199203187253 0.059760956175298786
1 0.5393426294820718 0.5644090305444887 0.035856573705179286 0.11686586985391763
1 0.5083416334661355 0.43559096945551135 0.035109561752988086 0.13014608233731742
1 0.5236553784860558 0.31474103585657376 0.07768924302788854 0.06374501992031871
1 0.420941235059761 0.35325365205843295 0.039591633466135506 0.11952191235059761
1 0.3391434262948208 0.43559096945551135 0.0463147410358566 0.11686586985391763
1 0.3010458167330678 0.3705179282868526 0.04780876494023907 0.1088977423638778
1 0.30179282868525903 0.5438247011952191 0.047808764940239036 0.10756972111553786
1 0.3264442231075698 0.6706507304116865 0.03735059760956169 0.09827357237715802
1 0.4343874501992033 0.6693227091633466 0.03510956175298802 0.11155378486055774
1 0.3880727091633467 0.5790172642762283 0.06200199203187253 0.05312084993359903
1 0.5789342629482072 0.39375830013280205 0.031374501992031796 0.11553784860557767
1 0.6188994023904384 0.4256308100929615 0.029133466135458193 0.10491367861885792
1 0.6708167330677292 0.603585657370518 0.07918326693227094 0.05444887118193883
1 0.7313247011952191 0.7390438247011951 0.03137450199203201 0.12616201859229748
1 0.7421563745019921 0.853253652058433 0.04556772908366526 0.09428950863213814
1 0.6577440239043826 0.7622841965471449 0.04855577689243027 0.06905710491367856
1 0.6103087649402391 0.7244355909694555 0.03286852589641434 0.11819389110225757
1 0.5512948207171315 0.8047808764940236 0.0358565737051793 0.12749003984063725
1 0.40375996015936266 0.7735723771580345 0.03212151394422314 0.11022576361221781
1 0.36528884462151395 0.7284196547144753 0.035856573705179286 0.09694555112881802
1 0.37089143426294824 0.8406374501992032 0.05751992031872511 0.07968127490039847
1 0.4810756972111554 0.9096945551128818 0.040338645418326775 0.10624169986719792
1 0.6502739043824701 0.9349269588313414 0.03510956175298802 0.10624169986719792
1 0.619272908366534 0.8645418326693226 0.049302788844621616 0.09030544488711811
1 0.4691235059760948 0.43758300132802147 0.03884462151394419 0.11553784860557824
1 0.7361802788844622 0.43559096945551135 0.04407370517928286 0.10358565737051798
1 0.2707918326693228 0.9037184594953519 0.03510956175298802 0.1022576361221779
1 0.24352589641434264 0.5703851261620185 0.032868525896414376 0.12616201859229748
