0 0.49228087649402397 0.4448871181938911 0.10009960159362549 0.09030544488711825
1 0.5781872509960161 0.4913678618857902 0.04332669322709158 0.13014608233731736
1 0.6372011952191237 0.39309428950863207 0.025398406374502046 0.11952191235059764
1 0.6988296812749004 0.4568393094289509 0.050049800796812746 0.11420982735723775
1 0.7006972111553786 0.6374501992031872 0.05229083665338635 0.1088977423638778
1 0.5841633466135459 0.6155378486055777 0.06424302788844628 0.07569721115537846
1 0.5359810756972112 0.6215139442231076 0.03660358565737056 0.10624169986719778
1 0.4881723107569722 0.5810092961487383 0.04257968127490052 0.12616201859229753
1 0.44335159362549803 0.6215139442231076 0.03959163346613544 0.1115537848605576
1 0.40749501992031884 0.600265604249668 0.035109561752988086 0.10889774236387786
1 0.40637450199203196 0.6779548472775565 0.08217131474103581 0.05444887118193904
1 0.31635956175298807 0.6261620185922976 0.03212151394422311 0.12616201859229748
1 0.3264442231075697 0.4568393094289509 0.0612549800796813 0.06905710491367863
1 0.4018924302788845 0.4269588313413014 0.06723107569721115 0.0783532536520584
1 0.44297808764940244 0.31474103585657365 0.02838645418326692 0.09561752988047811
1 0.47547310756972117 0.31673306772908366 0.02614541832669332 0.09960159362549806
1 0.5117031872509961 0.3140770252324037 0.02689243027888445 0.09960159362549806
1 0.40562749003984067 0.19654714475431606 0.040338645418326706 0.10624169986719785
1 0.30851593625498014 0.1593625498007968 0.049302788844621546 0.05312084993359896
1 0.3451195219123507 0.05444887118193892 0.049302788844621546 0.07702523240371846
1 0.28797310756972117 0.06706507304116865 0.029133466135458155 0.10491367861885789
1 0.2689243027888446 0.22310756972111556 0.06872509960159359 0.05577689243027887
1 0.5128237051792829 0.1586985391766268 0.05602589641434265 0.07038512616201861
1 0.4821962151394423 0.061088977423638766 0.030627490039840666 0.1035856573705179
1 0.581175298804781 0.034528552456839307 0.059760956175298856 0.04515272244355909
1 0.631972111553785 0.12151394422310757 0.03884462151394416 0.09694555112881804
1 0.6719372509960161 0.12682602921646746 0.02614541832669332 0.11022576361221781
1 0.6999501992031872 0.13280212483399734 0.020916334661354626 0.10889774236387784
1 0.7320717131474105 0.18127490039840638 0.03735059760956176 0.08897742363877821
1 0.720866533864542 0.06905710491367861 0.020916334661354626 0.07702523240371845
1 0.6230079681274902 0.2583001328021248 0.046314741035856526 0.0916334661354582
1 0.5804282868525896 0.2310756972111554 0.02838645418326692 0.10358565737051795
1 0.5639940239043826 0.16533864541832666 0.031374501992031865 0.13413014608233728
1 0.3499750996015937 0.1885790172642762 0.03660358565737056 0.09030544488711816
1 0.263695219123506 0.3944223107569721 0.07619521912350599 0.05843293492695885
1 0.2838645418326694 0.5212483399734396 0.059760956175298786 0.05710491367861877
1 0.40824203187251 0.5053120849933599 0.07246015936254978 0.05710491367861877
1 0.6644671314741037 0.5371845949535193 0.041085657370517906 0.07835325365205847
1 0.6614790836653387 0.32802124833997337 0.023157370517928228 0.100929614873838
1 0.5554033864541833 0.2822045152722443 0.039591633466135506 0.07304116865869854
1 0.27714143426294824 0.3134130146082338 0.059760956175298856 0.06374501992031874
1 0.4493276892430279 0.15471447543160688 0.03361553784860554 0.09163346613545817
1 0.3921812749003985 0.05046480743691899 0.035856573705179286 0.09296148738379814
1 0.6806461288141166 0.3694035784546823 0.02763944223107552 0.10624169986719827
