0 0.5610155610155609 0.4928564928564929 0.20475020475020464 0.14705614705614706
1 0.7682227682227682 0.4768404768404768 0.07534807534807542 0.2344162344162344
1 0.927927927927928 0.5969605969605971 0.1261261261261261 0.12812812812812815
1 0.9393939393939393 0.7396487396487396 0.10155610155610162 0.1193921193921193
1 0.8018018018018017 0.8736008736008736 0.10974610974610982 0.1397761397761397
1 0.776003276003276 0.25916825916825914 0.12530712530712548 0.11939211939211941
1 0.934070434070434 0.07571207571207572 0.0876330876330877 0.13977613977613979
1 0.7882882882882883 0.07061607061607061 0.07944307944307952 0.14123214123214123
1 0.6801801801801801 0.09172809172809171 0.11384111384111392 0.11939211939211937
1 0.5704340704340705 0.23732823732823732 0.0663390663390664 0.20384020384020388
1 0.4672399672399672 0.25552825552825553 0.1302211302211302 0.09755209755209758
1 0.48853398853398855 0.12667212667212666 0.10073710073710075 0.13395213395213396
1 0.38042588042588044 0.1718081718081718 0.08271908271908274 0.1252161252161252
1 0.35913185913185913 0.07425607425607426 0.10565110565110565 0.08153608153608154
1 0.2547092547092547 0.0414960414960415 0.07534807534807535 0.082992082992083
1 0.14291564291564293 0.057512057512057506 0.11875511875511875 0.08008008008008007
1 0.20475020475020475 0.22786422786422786 0.08353808353808354 0.19656019656019658
1 0.2895167895167895 0.2009282009282009 0.045045045045045064 0.1718081718081718
1 0.3640458640458641 0.35235235235235235 0.04340704340704342 0.1951041951041951
1 0.42710892710892706 0.41277641277641275 0.05487305487305491 0.21112021112021107
1 0.2571662571662572 0.49358449358449363 0.11793611793611795 0.11939211939211937
1 0.35298935298935297 0.6333606333606333 0.1113841113841114 0.0990080990080989
1 0.39434889434889436 0.7098007098007098 0.08599508599508596 0.12958412958412965
1 0.41973791973791974 0.8102648102648102 0.09418509418509423 0.13249613249613248
1 0.49959049959049956 0.7229047229047229 0.06224406224406223 0.21112021112021112
1 0.5675675675675675 0.6952406952406952 0.05077805077805074 0.21112021112021112
1 0.6375921375921376 0.7542087542087542 0.05978705978705975 0.19219219219219214
1 0.6036036036036037 0.9056329056329057 0.054054054054054036 0.15724815724815727
1 0.6871416871416872 0.5882245882245882 0.057330057330057256 0.19801619801619816
1 0.7387387387387387 0.7236327236327236 0.09500409500409489 0.11356811356811364
1 0.24365274365274367 0.7949767949767949 0.13022113022113022 0.11939211939211944
1 0.1167076167076167 0.736008736008736 0.06797706797706798 0.20238420238420232
1 0.09664209664209665 0.9114569114569114 0.11302211302211301 0.12230412230412241
1 0.04422604422604423 0.642096642096642 0.05733005733005734 0.20966420966420954
1 0.13677313677313677 0.5678405678405679 0.10810810810810813 0.14268814268814267
1 0.12203112203112206 0.3858403858403858 0.09828009828009829 0.09900809900809897
1 0.1072891072891073 0.22204022204022203 0.07043407043407045 0.12376012376012373
