1 0.7167579681274902 0.35657370517928283 0.045567729083665395 0.08366533864541832
0 0.5531623505976097 0.5146082337317397 0.08590637450199196 0.12616201859229753
1 0.5587649402390439 0.648074369189907 0.03286852589641434 0.09561752988047814
1 0.466882470119522 0.5597609561752988 0.06573705179282868 0.059760956175298856
1 0.10943725099601595 0.6766268260292165 0.05602589641434264 0.11288180610889782
1 0.4325199203187251 0.8193891102257637 0.049302788844621546 0.0690571049136787
1 0.8015438247011953 0.7974767596281541 0.053784860557769036 0.0624169986719788
1 0.8474850597609563 0.7184594953519255 0.030627490039840666 0.10092961487383803
1 0.9584163346613548 0.6527224435590969 0.06424302788844628 0.05179282868525888
1 0.8052788844621515 0.16268260292164677 0.0537848605577689 0.06507304116865871
1 0.9386205179282869 0.08632138114209827 0.05751992031872504 0.05577689243027888
1 0.664093625498008 0.07569721115537849 0.06872509960159362 0.061088977423638766
1 0.6170318725099603 0.13147410358565736 0.03436254980079681 0.11420982735723773
1 0.7447709163346614 0.07237715803452856 0.06872509960159362 0.04648074369189907
1 0.4582918326693228 0.1553784860557769 0.050049800796812746 0.10624169986719786
1 0.5210408366533865 0.23904382470119523 0.05602589641434264 0.053120849933598925
1 0.413097609561753 0.2928286852589641 0.02838645418326692 0.11819389110225767
1 0.44671314741035856 0.33333333333333337 0.04033864541832664 0.08764940239043824
1 0.4620268924302789 0.3771580345285524 0.03959163346613544 0.07702523240371853
1 0.6226344621513945 0.8127490039840637 0.050049800796812816 0.04249667994687911
1 0.7189990039840637 0.8579017264276229 0.0545318725099601 0.04249667994687911
1 0.7940737051792829 0.955511288180611 0.059760956175298786 0.035856573705179216
1 0.8553286852589642 0.8638778220451527 0.04332669322709151 0.05710491367861877
1 0.8112549800796813 0.5159362549800797 0.0552788844621513 0.06241699867197866
1 0.8863296812749004 0.5796812749003983 0.03361553784860561 0.0916334661354582
1 0.8060258964143427 0.3120849933598937 0.03286852589641427 0.09561752988047811
1 0.8762450199203188 0.26626826029216466 0.053784860557769036 0.062416998671978766
1 0.6207669322709164 0.49070385126162014 0.04183266932270918 0.04913678618857901
1 0.6633466135458168 0.5132802124833997 0.034362549800796956 0.10225763612217804
