0 0.5191935059230964 0.43322192512411695 0.1918519400799521 0.15625202113819808
1 0.583947583947584 0.6166166166166166 0.07534807534807535 0.23150423150423152
1 0.5892710892710893 0.44044044044044045 0.11220311220311217 0.1528801528801529
1 0.687960687960688 0.46300846300846304 0.08517608517608523 0.19801619801619808
1 0.6891891891891894 0.7170807170807172 0.06470106470106472 0.1994721994721995
1 0.43693693693693697 0.7330967330967332 0.07616707616707614 0.2082082082082082
1 0.6015561015561015 0.891072891072891 0.07616707616707614 0.17180817180817173
1 0.2514332514332514 0.6348166348166348 0.07534807534807535 0.1164801164801164
1 0.3161343161343161 0.46737646737646743 0.11466011466011462 0.09318409318409315
1 0.26494676494676495 0.3144963144963145 0.07616707616707619 0.131040131040131
1 0.48075348075348073 0.2977522977522977 0.11957411957411963 0.11502411502411505
1 0.630148962926471 0.2558008649476151 0.10401310401310387 0.08444808444808462
1 0.4942669942669943 0.17035217035217035 0.08927108927108933 0.10774410774410774
1 0.6056511056511057 0.11793611793611794 0.07125307125307118 0.1921921921921922
1 0.6850941850941851 0.07862407862407862 0.05651105651105638 0.1456001456001456
1 0.38738738738738737 0.0859040859040859 0.12940212940212945 0.11065611065611065
