0 0.48705179282868527 0.5351925630810093 0.059760956175298856 0.18592297476759626
1 0.5684760956175299 0.5132802124833997 0.0702191235059761 0.06507304116865868
1 0.2147659362549801 0.3924302788844622 0.06648406374501992 0.06772908366533863
1 0.11653386454183266 0.4495351925630809 0.06125498007968127 0.05976095617529885
1 0.1617280876494024 0.5670650730411687 0.06797808764940239 0.06108897742363886
1 0.15836653386454186 0.5039840637450199 0.0612549800796813 0.05976095617529872
1 0.26257470119521914 0.7084993359893759 0.06349601593625497 0.06507304116865868
1 0.38620517928286857 0.7224435590969455 0.04930278884462148 0.12749003984063748
1 0.36379482071713154 0.8565737051792829 0.07320717131474104 0.050464807436918876
1 0.9139691235059761 0.7456839309428952 0.054531872509960104 0.09163346613545813
1 0.07544820717131476 0.15471447543160688 0.050796812749003994 0.08366533864541834
1 0.2035607569721116 0.12284196547144756 0.03062749003984063 0.12350597609561755
1 0.23717629482071712 0.1155378486055777 0.03660358565737056 0.10889774236387784
1 0.3906872509960159 0.1440903054448871 0.06723107569721115 0.06507304116865872
1 0.4896663346613546 0.14276228419654713 0.05602589641434264 0.06772908366533867
1 0.5412101593625498 0.1440903054448871 0.041085657370517906 0.12084993359893759
1 0.039591633466135465 0.8286852589641434 0.059760956175298814 0.06108897742363894
1 0.04183266932270917 0.6354581673306773 0.032868525896414355 0.11819389110225761
1 0.052664342629482074 0.4933598937583001 0.05453187250996017 0.059760956175298786
1 0.039591633466135465 0.44887118193891096 0.0657370517928287 0.05843293492695885
1 0.07582171314741037 0.2954847277556441 0.036603585657370534 0.09960159362549806
1 0.1460408366533865 0.27556440903054447 0.03959163346613545 0.11022576361221777
1 0.29656374501992033 0.22244355909694555 0.06872509960159359 0.06772908366533863
1 0.1213894422310757 0.7416998671978752 0.038097609561752996 0.09163346613545797
1 0.16210159362549803 0.8393094289508635 0.043326693227091664 0.07436918990703789
1 0.2797559760956176 0.9335989375830013 0.04257968127490038 0.09296148738379827
1 0.27714143426294824 0.5265604249667996 0.05229083665338639 0.07304116865869859
1 0.2170069721115538 0.29083665338645415 0.06349601593625497 0.05312084993359896
1 0.360433266932271 0.3758300132802125 0.054531872509960166 0.05843293492695878
1 0.37051792828685265 0.452191235059761 0.046314741035856526 0.0783532536520584
1 0.5363545816733069 0.30610889774236383 0.0717131474103585 0.06772908366533865
1 0.4694970119521913 0.3419654714475432 0.07843625498007967 0.05710491367861884
1 0.38620517928286857 0.950199203187251 0.07021912350597617 0.062416998671978946
1 0.025024900398406377 0.07237715803452854 0.03959163346613546 0.11819389110225761
