0 0.5557644300517716 0.41877220416492167 0.18008630015254698 0.18959318639596429
1 0.6801801801801801 0.5496405496405496 0.12039312039312045 0.08299208299208295
1 0.7293202293202293 0.703976703976704 0.07944307944307936 0.16744016744016754
1 0.608927108927109 0.9398489398489399 0.12039312039312051 0.09172809172809167
1 0.5110565110565111 0.7185367185367185 0.09172809172809174 0.09464009464009479
1 0.3222768222768223 0.5489125489125489 0.08435708435708439 0.15433615433615436
1 0.40950040950040945 0.38147238147238144 0.07207207207207211 0.2067522067522068
1 0.565929565929566 0.28173628173628174 0.06879606879606882 0.19364819364819363
1 0.4004914004914005 0.12885612885612885 0.05896805896805901 0.17617617617617617
1 0.31613431613431614 0.3072163072163072 0.06552006552006549 0.18636818636818636
1 0.41072891072891077 0.5882245882245882 0.09254709254709255 0.14851214851214856
1 0.37551187551187554 0.7236327236327236 0.09254709254709255 0.11065611065611065
1 0.631040131040131 0.6872326872326873 0.07616707616707621 0.1805441805441806
1 0.7457002457002457 0.372008372008372 0.07289107289107292 0.08299208299208295
1 0.26085176085176087 0.784056784056784 0.0696150696150696 0.13249613249613248
1 0.31490581490581493 0.9260169260169261 0.05487305487305491 0.1252161252161251
1 0.3927108927108927 0.877968877968878 0.06797706797706794 0.16889616889616887
1 0.4983619983619984 0.8233688233688234 0.08927108927108925 0.08881608881608884
