0 0.5550745120555728 0.5996466011264073 0.09390197944382131 0.10771027098789113
1 0.4440986055776893 0.3745019920318725 0.07096613545816738 0.050464807436918946
1 0.519546812749004 0.3904382470119522 0.05901394422310752 0.05843293492695878
1 0.6218874501992032 0.2649402390438247 0.041085657370517906 0.07304116865869854
1 0.762699203187251 0.2436918990703851 0.06723107569721108 0.059760956175298786
1 0.776518924302789 0.099601593625498 0.07096613545816738 0.053120849933598925
1 0.8534611553784862 0.2051792828685259 0.030627490039840666 0.10756972111553784
1 0.8579432270916335 0.45418326693227085 0.03959163346613536 0.10889774236387786
1 0.8269422310756974 0.6321381142098274 0.07021912350597617 0.05312084993359889
1 0.724601593625498 0.7576361221779548 0.047808764940239 0.08632138114209824
1 0.6812749003984063 0.8366533864541833 0.02838645418326692 0.10624169986719792
1 0.7365537848605578 0.8964143426294819 0.0552788844621513 0.055776892430278766
1 0.8202191235059761 0.8811420982735723 0.05229083665338635 0.046480743691898994
1 0.872136454183267 0.8154050464807437 0.032121513944223065 0.09030544488711811
1 0.9042579681274902 0.8154050464807437 0.021663346613545825 0.09296148738379813
1 0.9468376494023906 0.7609561752988049 0.02913346613545812 0.07968127490039834
1 0.7451444223107564 0.5305444887118191 0.06648406374502099 0.04913678618857949
1 0.659238047808765 0.3877822045152722 0.0380976095617531 0.10358565737051798
1 0.48107569721115545 0.7868525896414343 0.07470119521912352 0.05710491367861891
1 0.544945219123506 0.7098273572377158 0.027639442231075718 0.1155378486055777
1 0.4243027888446215 0.6228419654714475 0.03436254980079681 0.11686586985391763
1 0.46464143426294824 0.49136786188579007 0.06872509960159362 0.05312084993359896
1 0.5699701195219123 0.20318725099601592 0.03884462151394431 0.11686586985391763
1 0.7197460159362551 0.34794156706507307 0.06648406374502003 0.06905710491367863
1 0.6932270916334662 0.1892430278884462 0.04482071713147406 0.07038512616201857
1 0.9191982071713148 0.3671978751660026 0.04108565737051777 0.11022576361221775
1 0.9576693227091634 0.19853917662682602 0.05677290836653384 0.0544488711819389
1 0.2262514073277397 0.5381638076529917 0.06947211155378481 0.042496679946879216
