0 0.4440986055776894 0.4455511288180611 0.08441235059760963 0.13147410358565736
1 0.44297808764940244 0.5690571049136786 0.03884462151394416 0.09694555112881809
1 0.7787599601593627 0.6381142098273572 0.07694223107569727 0.07038512616201849
1 0.6409362549800798 0.6361221779548474 0.02689243027888445 0.10889774236387786
1 0.24838147410358566 0.6693227091633466 0.047061752988047836 0.06905710491367863
1 0.23904382470119526 0.752324037184595 0.06125498007968126 0.06507304116865868
1 0.3839641434262948 0.7602921646746347 0.031374501992031796 0.09960159362549788
1 0.35146912350597614 0.8233731739707835 0.027639442231075718 0.08233731739707849
1 0.028759960159362555 0.18260292164674635 0.04108565737051793 0.046480743691899064
1 0.0339890438247012 0.297476759628154 0.048555776892430284 0.04515272244355909
1 0.05677290836653388 0.5843293492695882 0.03137450199203187 0.07702523240371846
1 0.17181274900398408 0.3671978751660026 0.05677290836653388 0.04382470119521905
1 0.13446215139442233 0.3067729083665338 0.0612549800796813 0.058432934926958814
1 0.18339143426294824 0.24900398406374502 0.03660358565737052 0.09428950863213814
1 0.2061752988047809 0.13745019920318724 0.026892430278884483 0.08366533864541834
1 0.24464641434262951 0.18592297476759626 0.03660358565737056 0.08233731739707832
1 0.29805776892430286 0.11088977423638777 0.040338645418326706 0.11022576361221781
1 0.4676294820717132 0.11420982735723773 0.05677290836653384 0.06108897742363879
1 0.5501743027888447 0.12682602921646746 0.06349601593625501 0.07038512616201859
1 0.5374750996015938 0.20385126162018594 0.0709661354581673 0.05179282868525892
1 0.50796812749004 0.2656042496679947 0.05826693227091624 0.06905710491367867
1 0.4388695219123507 0.28685258964143423 0.041085657370517906 0.08764940239043821
1 0.3757470119521913 0.2729083665338645 0.03436254980079681 0.10225763612217798
1 0.31187749003984067 0.3300132802124834 0.05154382470119526 0.059760956175298786
1 0.3764940239043825 0.11288180610889775 0.08067729083665341 0.06108897742363879
1 0.14155876494023908 0.1653386454183267 0.04407370517928287 0.06772908366533865
1 0.08627988047808767 0.2343957503320053 0.038097609561753 0.08632138114209824
1 0.10308764940239046 0.655378486055777 0.055278884462151415 0.07038512616201871
1 0.08030378486055778 0.7257636122177955 0.06050796812749005 0.04382470119521912
1 0.14604083665338646 0.8559096945551129 0.03361553784860556 0.11288180610889782
1 0.19422310756972114 0.8685258964143426 0.04780876494023907 0.07171314741035843
1 0.26257470119521914 0.8930942895086321 0.041085657370517906 0.07569721115537846
1 0.46538844621513953 0.8665338645418327 0.06274900398406373 0.0544488711819389
1 0.8586902390438249 0.8293492695883135 0.05303784860557769 0.09960159362549803
1 0.5311254980079683 0.703851261620186 0.0627490039840638 0.05843293492695892
1 0.4545567729083666 0.7290836653386455 0.054531872509960166 0.07171314741035857
1 0.4030129482071714 0.6460823373173972 0.03361553784860561 0.11819389110225764
1 0.3189741035856574 0.5179282868525896 0.05976095617529882 0.04515272244355906
1 0.24763446215139445 0.5219123505976095 0.05901394422310759 0.06640106241699861
1 0.2618276892430279 0.4448871181938911 0.08291832669322705 0.03718459495351922
1 0.05565239043824702 0.448207171314741 0.042579681274900416 0.0677290836653387
1 0.07619521912350599 0.36254980079681276 0.04780876494023904 0.05312084993359896
1 0.032495019920318724 0.03784860557768924 0.057519920318725104 0.03585657370517928
1 0.9509462151394423 0.6168658698539177 0.04482071713147406 0.12616201859229748
1 0.1725597609561753 0.6547144754316068 0.06125498007968126 0.047808764940239
1 0.13857071713147412 0.5126162018592296 0.03212151394422312 0.09030544488711818
