0 0.4891917264421772 0.4368766454576871 0.050273213032695364 0.18498956336943814
1 0.5744331192998584 0.3443955429844467 0.03064493908680455 0.11144835924158086
1 0.6487798804780877 0.3413014608233732 0.03361553784860561 0.09561752988047804
1 0.6816484063745021 0.2775564409030544 0.024651394422310773 0.10889774236387784
1 0.6928535856573705 0.18127490039840638 0.03809760956175296 0.07569721115537846
1 0.7025647410358568 0.09827357237715806 0.027639442231075718 0.09296148738379817
1 0.6398157370517928 0.5624169986719788 0.030627490039840596 0.12350597609561753
1 0.5628735059760956 0.6142098273572377 0.036603585657370485 0.08366533864541821
1 0.5359810756972112 0.5571049136786188 0.030627490039840666 0.09428950863213814
1 0.5852838645418327 0.40039840637450197 0.05303784860557769 0.054448871181938904
1 0.4015189243027889 0.45086321381142097 0.030627490039840666 0.09694555112881809
1 0.428784860557769 0.5683930942895086 0.049302788844621546 0.055776892430278904
1 0.49825697211155384 0.5717131474103586 0.02838645418326692 0.13147410358565736
1 0.3888197211155379 0.649402390438247 0.0679780876494025 0.04515272244355899
1 0.40600099601593626 0.602921646746348 0.04706175298804787 0.06374501992031867
1 0.29581673306772915 0.2934926958831341 0.06274900398406373 0.045152722443559126
1 0.34960159362549803 0.1938911022576361 0.03286852589641434 0.11420982735723773
1 0.4672559760956176 0.16135458167330674 0.041085657370517906 0.05710491367861888
1 0.5258964143426296 0.10557768924302788 0.029880478087649393 0.10756972111553786
1 0.5591384462151395 0.15073041168658696 0.03361553784860561 0.08632138114209828
1 0.6506474103585659 0.0650730411686587 0.040338645418326775 0.05843293492695882
1 0.549800796812749 0.26162018592297476 0.04332669322709173 0.07171314741035861
1 0.4990039840637451 0.30610889774236383 0.04183266932270918 0.06772908366533865
1 0.43924302788844627 0.30013280212483395 0.04482071713147406 0.04515272244355909
1 0.4018924302788845 0.3811420982735724 0.06125498007968133 0.050464807436918946
1 0.357445219123506 0.47875166002656044 0.03809760956175296 0.08897742363877818
1 0.4511952191235061 0.448207171314741 0.04183266932270918 0.07304116865869859
1 0.6118027888446216 0.46613545816733065 0.058266932270916456 0.06108897742363879
1 0.740288844621514 0.44687915006640094 0.058266932270916255 0.05444887118193897
1 0.6592380478087649 0.41633466135458164 0.06200199203187246 0.041168658698539175
1 0.6790338645418328 0.6221779548472776 0.040338645418326706 0.09428950863213807
1 0.6902390438247014 0.47343957503320055 0.037350597609561616 0.05444887118193897
1 0.30888944223107573 0.5723771580345286 0.06797808764940239 0.05843293492695892
1 0.32382968127490047 0.744355909694555 0.03510956175298805 0.09428950863213799
1 0.4127241035856574 0.7337317397078355 0.045567729083665395 0.059760956175298786
1 0.25510458167330685 0.3738379814077025 0.033615537848605576 0.059760956175298786
1 0.26033366533864544 0.2197875166002656 0.03809760956175296 0.11022576361221777
1 0.2565986055776893 0.08233731739707835 0.023157370517928263 0.09030544488711817
1 0.416085657370518 0.2104913678618858 0.0537848605577689 0.07304116865869852
1 0.4243027888446215 0.13081009296148738 0.03735059760956176 0.06772908366533864
1 0.60171812749004 0.15205843293492693 0.030627490039840666 0.08897742363877822
1 0.7302041832669324 0.2284196547144754 0.045567729083665395 0.045152722443559085
1 0.5090886454183268 0.20783532536520583 0.04257968127490045 0.043824701195219085
