0 0.49796155962271965 0.45670400636567016 0.22424293332578085 0.184229994078183
1 0.3026208026208026 0.7789607789607789 0.15315315315315303 0.11065611065611095
1 0.31981981981981983 0.2839202839202839 0.06306306306306307 0.1776321776321776
1 0.4152334152334153 0.26717626717626713 0.055692055692055716 0.16161616161616163
1 0.48730548730548734 0.3370643370643371 0.05896805896805894 0.1790881790881791
1 0.5647010647010647 0.3450723450723451 0.07944307944307943 0.25043225043225037
1 0.6347256347256348 0.5321685321685321 0.08845208845208845 0.17617617617617617
1 0.723996723996724 0.4178724178724179 0.06060606060606062 0.2358722358722359
1 0.6846846846846847 0.7323687323687323 0.08517608517608523 0.21257621257621268
1 0.5307125307125307 0.7775047775047775 0.11138411138411136 0.16307216307216307
1 0.5827190827190827 0.0939120939120939 0.07944307944307952 0.17035217035217035
1 0.687960687960688 0.16161616161616163 0.12121212121212124 0.09027209027209027
1 0.6769041769041769 0.31158431158431155 0.05814905814905814 0.18345618345618345
1 0.47174447174447176 0.1426881426881427 0.05896805896805901 0.1863681863681864
1 0.3939393939393939 0.09755209755209755 0.07371007371007372 0.165984165984166
1 0.23423423423423423 0.29484029484029484 0.05077805077805074 0.10920010920010924
1 0.7628992628992628 0.5896805896805897 0.04176904176904173 0.10483210483210485
