0 0.5486802788844622 0.5225763612217795 0.08142430278884455 0.1235059760956176
1 0.43924302788844627 0.36852589641434264 0.06125498007968126 0.07038512616201864
1 0.5524153386454184 0.3260292164674635 0.06947211155378483 0.05179282868525895
1 0.5356075697211157 0.17463479415670652 0.03735059760956176 0.12350597609561755
1 0.6230079681274902 0.12217795484727756 0.028386454183266848 0.12749003984063748
1 0.7156374501992033 0.04913678618857903 0.06872509960159377 0.04515272244355911
1 0.7451444223107572 0.1042496679946879 0.07843625498007967 0.0544488711819389
1 0.748132470119522 0.1593625498007968 0.06947211155378483 0.04249667994687918
1 0.7496264940239046 0.21181938911022577 0.05602589641434264 0.04913678618857901
1 0.8568227091633466 0.20916334661354583 0.029880478087649324 0.10756972111553782
1 0.8803535856573705 0.3286852589641434 0.027639442231075718 0.12350597609561756
1 0.9625249003984065 0.26162018592297476 0.03361553784860547 0.10624169986719789
1 0.7496264940239044 0.6062416998671979 0.0485557768924302 0.04913678618857894
1 0.8007968127490039 0.7065073041168658 0.026892430278884518 0.09030544488711825
1 0.8564492031872512 0.6872509960159363 0.04556772908366526 0.041168658698539244
1 0.9206922310756973 0.6434262948207171 0.024651394422310773 0.1075697211155378
1 0.9191982071713148 0.747675962815405 0.03809760956175296 0.07436918990703845
1 0.7488794820717132 0.7822045152722444 0.02465139442231063 0.08499335989375836
1 0.75 0.6912350597609561 0.047808764940239 0.04382470119521912
1 0.8168575697211157 0.5239043824701195 0.05154382470119529 0.05710491367861877
1 0.8433764940239044 0.4196547144754317 0.03286852589641441 0.11155378486055774
1 0.6823954183266934 0.42098273572377154 0.03361553784860547 0.09296148738379806
1 0.6345866533864543 0.2782204515272244 0.038097609561752815 0.0942895086321381
1 0.5296314741035857 0.7224435590969456 0.07768924302788846 0.05312084993359889
1 0.4821962151394423 0.6613545816733069 0.050049800796812746 0.06108897742363879
1 0.4172061752988048 0.6235059760956175 0.03361553784860561 0.09960159362549788
1 0.48406374501992033 0.8492695883134129 0.059760956175298856 0.05179282868525902
1 0.42467629482071717 0.8432934926958832 0.04706175298804787 0.05312084993359889
1 0.5187998007968128 0.947543160690571 0.03959163346613544 0.0756972111553786
1 0.5669820717131475 0.9282868525896414 0.02689243027888459 0.09030544488711825
1 0.6304780876494024 0.8472775564409031 0.04183266932270925 0.047808764940239
1 0.5882719123505976 0.8200531208499336 0.036603585657370416 0.0756972111553786
1 0.3600597609561753 0.1586985391766268 0.040338645418326706 0.099601593625498
1 0.428784860557769 0.12749003984063745 0.035856573705179355 0.11155378486055778
1 0.7358067729083666 0.3904382470119522 0.04631474103585674 0.05843293492695878
1 0.7302041832669324 0.2895086321381142 0.04407370517928286 0.055776892430278904
1 0.7787599601593627 0.9236387782204516 0.05602589641434264 0.04382470119521912
1 0.851593625498008 0.8220451527224435 0.05976095617529893 0.06640106241699868
1 0.9300298804780877 0.10491367861885789 0.06573705179282868 0.04249667994687915
1 0.4373754980079682 0.49667994687915007 0.07096613545816738 0.047808764940239
