0 0.4402129402129404 0.5161525161525161 0.20884520884520882 0.13249613249613262
1 0.4381654381654382 0.2977522977522977 0.05405405405405403 0.2082082082082082
1 0.4950859950859951 0.27809627809627807 0.06633906633906633 0.21548821548821548
1 0.5823095823095824 0.182000182000182 0.08353808353808354 0.13977613977613979
1 0.6031941031941033 0.28173628173628174 0.08599508599508603 0.12958412958412954
1 0.644963144963145 0.37419237419237417 0.11384111384111385 0.1164801164801165
1 0.7596232596232596 0.214032214032214 0.11875511875511875 0.10192010192010191
1 0.8857493857493859 0.26499226499226497 0.0859950859950861 0.1776321776321776
1 0.7645372645372646 0.4368004368004368 0.10728910728910733 0.10774410774410775
1 0.8624078624078624 0.4368004368004368 0.0917280917280918 0.1572481572481572
1 0.7416052416052417 0.5292565292565292 0.12694512694512697 0.14705614705614706
1 0.8771498771498771 0.6195286195286195 0.09336609336609342 0.10920010920010924
1 0.7809172809172809 0.7775047775047775 0.09090909090909094 0.1747201747201747
1 0.8525798525798527 0.9216489216489216 0.1343161343161343 0.06697606697606716
1 0.7411957411957413 0.9529529529529529 0.09172809172809167 0.08008008008008019
1 0.7047502047502047 0.8044408044408045 0.0450450450450451 0.1936481936481937
1 0.6384111384111384 0.6719446719446719 0.04504504504504496 0.19073619073619077
1 0.5630630630630631 0.6202566202566202 0.051597051597051614 0.2154882154882155
1 0.43284193284193284 0.7818727818727819 0.06797706797706794 0.19801619801619808
1 0.5126945126945127 0.8772408772408773 0.08681408681408684 0.12376012376012369
1 0.6126126126126126 0.843024843024843 0.09664209664209665 0.10774410774410768
1 0.6420966420966421 0.9383929383929385 0.09500409500409511 0.08299208299208302
1 0.8841113841113841 0.8051688051688052 0.08108108108108097 0.13686413686413687
1 0.35626535626535627 0.23514423514423513 0.07207207207207211 0.2082082082082082
1 0.39926289926289926 0.08736008736008737 0.04504504504504503 0.15724815724815724
1 0.7268632268632268 0.07207207207207207 0.10565110565110572 0.10337610337610338
1 0.20434070434070434 0.14268814268814267 0.08108108108108109 0.13977613977613976
1 0.25511875511875515 0.28828828828828834 0.09090909090909087 0.1106561106561107
1 0.31572481572481564 0.41860041860041863 0.05814905814905817 0.18200018200018206
1 0.23300573300573302 0.5263445263445263 0.07289107289107292 0.1994721994721995
1 0.21826371826371826 0.7447447447447447 0.11220311220311217 0.13832013832013842
1 0.20679770679770682 0.9296569296569297 0.06633906633906633 0.12084812084812085
1 0.07043407043407043 0.9158249158249159 0.07862407862407864 0.13395213395213404
1 0.0561015561015561 0.41132041132041136 0.10073710073710075 0.10628810628810634
1 0.060606060606060615 0.2533442533442533 0.10483210483210485 0.13686413686413684
1 0.3136773136773137 0.9209209209209209 0.09991809991809994 0.120848120848121
