0 0.4557928424289397 0.6419031141581363 0.05028147185690042 0.20204003637397963
1 0.5677290836653387 0.5239043824701196 0.05229083665338649 0.08366533864541836
1 0.5878984063745021 0.5969455511288181 0.06723107569721115 0.046480743691898994
1 0.49340139442231085 0.4402390438247012 0.03510956175298802 0.1155378486055777
1 0.5150647410358566 0.3877822045152722 0.03510956175298802 0.09561752988047807
1 0.3111304780876494 0.5624169986719788 0.038097609561752996 0.12350597609561753
1 0.31225099601593626 0.35325365205843295 0.04332669322709165 0.11155378486055774
1 0.4284113545816733 0.31341301460823373 0.06797808764940236 0.05312084993359889
1 0.48369023904382474 0.3339973439575033 0.0470617529880478 0.08897742363877818
1 0.2524900398406375 0.4926958831341301 0.049302788844621546 0.12217795484727752
1 0.3690239043824701 0.45418326693227085 0.04930278884462148 0.10889774236387786
1 0.4321464143426295 0.6162018592297477 0.041085657370517906 0.13014608233731742
1 0.4986304780876495 0.6719787516600266 0.02913346613545812 0.09030544488711825
1 0.5288844621513945 0.6865869853917662 0.03884462151394416 0.1088977423638778
1 0.5748256972111554 0.6905710491367861 0.045567729083665395 0.10358565737051798
1 0.6558764940239044 0.6633466135458167 0.07320717131474104 0.0756972111553786
1 0.7447709163346613 0.47410358565737054 0.05826693227091639 0.04780876494023907
1 0.7167579681274902 0.7928286852589642 0.03809760956175296 0.11420982735723768
1 0.6424302788844622 0.8007968127490039 0.03436254980079674 0.10624169986719792
1 0.5785607569721116 0.7888446215139442 0.054531872509960166 0.05843293492695878
1 0.4672559760956176 0.8114209827357237 0.035109561752988086 0.1168658698539177
1 0.4956424302788845 0.9123505976095617 0.0306274900398406 0.11952191235059757
1 0.43625498007968133 0.8134130146082338 0.02838645418326692 0.09694555112881802
1 0.3977838645418328 0.757636122177955 0.04706175298804787 0.1155378486055777
1 0.3432519920318725 0.6726427622841965 0.02913346613545812 0.12350597609561746
1 0.2405378486055777 0.7782204515272244 0.029880478087649428 0.1168658698539177
