1 0.6655876494023906 0.28618857901726424 0.035856573705179355 0.10491367861885788
1 0.6286105577689244 0.2848605577689243 0.026145418326693176 0.12084993359893766
1 0.7529880478087649 0.24634794156706505 0.06872509960159362 0.06507304116865868
1 0.8889442231075695 0.10756972111553782 0.040338645418327455 0.103585657370518
1 0.8549551792828686 0.5776892430278885 0.03809760956175296 0.13014608233731742
1 0.8590637450199204 0.692563081009296 0.035856573705179216 0.09428950863213814
1 0.971862549800797 0.695883134130146 0.05229083665338635 0.055776892430278904
1 0.8859636382834414 0.25723065994527033 0.0326197080439091 0.12257307152023428
1 0.879980079681275 0.30345285524568394 0.0029880478087649463 0.003984063745019917
1 0.8049053784860558 0.1301460823373174 0.03361553784860547 0.10889774236387784
1 0.773530876494024 0.050464807436919 0.07993027888446207 0.04249667994687917
1 0.5539093625498009 0.37317397078353254 0.035109561752988086 0.13014608233731736
1 0.506847609561753 0.18127490039840638 0.04556772908366526 0.06507304116865868
1 0.5512948207171315 0.1586985391766268 0.040338645418326775 0.10756972111553784
1 0.6088147410358566 0.11288180610889775 0.02838645418326699 0.11420982735723773
1 0.39479581673306774 0.48472775564409026 0.032121513944223065 0.11952191235059757
1 0.2547310756972112 0.5624169986719788 0.04183266932270918 0.09694555112881809
1 0.4777141434262949 0.7934926958831341 0.045567729083665395 0.08100929614873835
1 0.5613794820717132 0.7536520584329349 0.06200199203187246 0.05710491367861877
1 0.6936005976095617 0.8134130146082338 0.06648406374501988 0.05976095617529893
1 0.9031374501992033 0.8711819389110227 0.037350597609561616 0.10092961487383789
1 0.6181523904382471 0.5823373173970784 0.07843625498007967 0.04648074369189913
1 0.6360806772908367 0.648074369189907 0.06947211155378483 0.061088977423638724
1 0.6140438247011953 0.5166002656042497 0.04930278884462148 0.06374501992031867
0 0.5508409511103879 0.5970155164797617 0.10418171921741562 0.10610689096055159
1 0.7522410358565739 0.5239043824701195 0.07171314741035857 0.059760956175298786
1 0.9191982071713148 0.2602921646746348 0.05602589641434265 0.06108897742363883
1 0.9464334018969085 0.22013292254926767 0.06402855470767377 0.054100450380093416
1 0.5972360557768925 0.8804780876494024 0.04407370517928286 0.10889774236387766
1 0.38769920318725104 0.08034528552456839 0.06723107569721122 0.05976095617529879
