0 0.5073085408852969 0.48766939540771886 0.08651443000349218 0.3781646147319535
1 0.5414822472734236 0.25656806019620076 0.06470106470106468 0.2579749663874243
1 0.6953316953316953 0.2562562562562561 0.12940212940212953 0.10774410774410778
1 0.7129402129402129 0.5634725634725635 0.14004914004914 0.09609609609609614
1 0.6015561015561015 0.7593047593047594 0.07944307944307943 0.2140322140322141
1 0.425557763860288 0.3423197957290987 0.06797706797706775 0.2140322140322149
1 0.34684684684684686 0.3450723450723451 0.10892710892710894 0.10774410774410768
1 0.3546273546273547 0.5117845117845118 0.10319410319410316 0.12084812084812085
1 0.4393939393939394 0.5554645554645554 0.08599508599508596 0.1936481936481937
1 0.4836199836199836 0.7804167804167804 0.08435708435708442 0.1863681863681863
1 0.3005733005733006 0.6814086814086814 0.11629811629811634 0.09609609609609607
1 0.38943488943488946 0.8015288015288016 0.07125307125307132 0.14123214123214112
1 0.6126126126126126 0.9529529529529529 0.12776412776412782 0.07716807716807722
1 0.6466011466011465 0.08444808444808444 0.12039312039312045 0.0960960960960961
1 0.34234234234234234 0.06552006552006552 0.07043407043407048 0.11939211939211938
1 0.38615888615888616 0.1732641732641733 0.11875511875511875 0.15724815724815724
1 0.7111542452552032 0.3306466254145326 0.12206217350183848 0.10003236454117884
1 0.7317772317772318 0.8248248248248248 0.10073710073710075 0.16744016744016746
1 0.3116298116298116 0.9325689325689326 0.11711711711711711 0.10046410046410044
