0 0.46773872170185 0.3904054415983158 0.08868971641623602 0.34341324033899845
1 0.6777231777231776 0.32468832468832465 0.1236691236691236 0.11065611065611065
1 0.6289926289926291 0.5583765583765583 0.09172809172809174 0.13832013832013834
1 0.6887796887796886 0.5955045955045954 0.07043407043407043 0.20384020384020382
1 0.7395577395577395 0.4047684047684048 0.10155610155610162 0.07571207571207574
1 0.7133497133497133 0.11138411138411138 0.10810810810810807 0.13832013832013831
1 0.6093366093366093 0.10847210847210847 0.06060606060606062 0.1790881790881791
1 0.4004914004914005 0.1041041041041041 0.055692055692055716 0.1849121849121849
1 0.30876330876330876 0.1011921011921012 0.10647010647010646 0.09172809172809172
1 0.3181818181818182 0.28974428974428973 0.09746109746109742 0.14560014560014561
1 0.29934479934479935 0.5911365911365911 0.07125307125307125 0.17763217763217767
1 0.3452088452088452 0.794976794976795 0.06142506142506139 0.16889616889616887
1 0.28951678951678955 0.8452088452088452 0.06961506961506964 0.14996814996815006
1 0.35913185913185913 0.9536809536809536 0.0990990990990991 0.06988806988806971
1 0.5036855036855037 0.9456729456729457 0.05241605241605235 0.07425607425607439
1 0.5540540540540541 0.91000091000091 0.05814905814905821 0.1601601601601601
1 0.4574119574119574 0.8255528255528256 0.11875511875511868 0.09027209027209025
1 0.5106470106470106 0.6552006552006552 0.05814905814905814 0.2067522067522068
1 0.41728091728091726 0.5525525525525525 0.10073710073710075 0.13540813540813537
1 0.6265356265356266 0.893984893984894 0.05077805077805081 0.17763217763217767
1 0.583947583947584 0.736008736008736 0.09009009009009006 0.11502411502411505
1 0.27067977067977067 0.7076167076167077 0.08108108108108113 0.07280007280007282
