0 0.5770323745524805 0.5308104189057995 0.18468513115067556 0.13943153133435163
1 0.31122031122031124 0.4084084084084084 0.05569205569205568 0.23441623441623435
1 0.2325962325962326 0.23732823732823732 0.06224406224406223 0.1951041951041951
1 0.19123669123669124 0.495040495040495 0.11220311220311219 0.11065611065611065
1 0.23013923013923016 0.6056966056966057 0.10810810810810814 0.10192010192010187
1 0.3546273546273547 0.6253526253526254 0.08845208845208848 0.14996814996814997
1 0.43529893529893526 0.7148967148967149 0.05978705978705982 0.14851214851214847
1 0.5843570843570843 0.8044408044408045 0.0663390663390664 0.20820820820820812
1 0.7104832104832104 0.8597688597688596 0.0827190827190826 0.17326417326417343
1 0.861998361998362 0.6770406770406772 0.10237510237510236 0.2125762125762126
1 0.9107289107289107 0.7753207753207753 0.1195741195741195 0.13249613249613262
1 0.8067158067158067 0.3785603785603786 0.06715806715806721 0.15142415142415147
1 0.8869778869778869 0.11211211211211213 0.10155610155610162 0.14560014560014561
1 0.7194922194922195 0.1601601601601602 0.08271908271908274 0.18345618345618345
1 0.703112203112203 0.31449631449631454 0.12858312858312856 0.1368641368641369
1 0.6187551187551188 0.17836017836017837 0.07616707616707628 0.1732641732641733
1 0.4795249795249795 0.382928382928383 0.06306306306306311 0.2271362271362272
1 0.3271908271908272 0.2234962234962235 0.09746109746109742 0.11502411502411505
1 0.18304668304668303 0.05678405678405678 0.12858312858312856 0.06988806988806989
1 0.08763308763308764 0.12594412594412593 0.11138411138411138 0.082992082992083
1 0.03767403767403768 0.26499226499226497 0.0638820638820639 0.1718081718081718
1 0.05978705978705979 0.4331604331604332 0.09664209664209665 0.17326417326417334
1 0.11343161343161345 0.6137046137046137 0.1318591318591319 0.08590408590408578
1 0.1298116298116298 0.8015288015288016 0.08927108927108927 0.10920010920010938
1 0.28378378378378377 0.8088088088088088 0.09254709254709255 0.18200018200018206
1 0.4234234234234233 0.8342888342888344 0.10155610155610155 0.11939211939211944
1 0.7321867321867321 0.5139685139685141 0.07698607698607703 0.22422422422422422
1 0.9725634725634725 0.6006006006006006 0.04504504504504496 0.20238420238420232
1 0.44307944307944314 0.15724815724815727 0.09336609336609335 0.1368641368641369
