0 0.5341135458167332 0.5272244355909694 0.08964143426294825 0.11155378486055774
1 0.5942480079681275 0.50199203187251 0.0470617529880478 0.050464807436918946
1 0.438496015936255 0.3426294820717131 0.06274900398406373 0.06640106241699865
1 0.420941235059761 0.41301460823373176 0.03809760956175296 0.0796812749003984
1 0.46426792828685265 0.4581673306772909 0.03660358565737056 0.09561752988047807
1 0.6136703187250997 0.12350597609561755 0.04257968127490045 0.10358565737051795
1 0.6917330677290837 0.3539176626826029 0.07171314741035871 0.05179282868525902
1 0.7171314741035857 0.5325365205843293 0.04332669322709165 0.09827357237715809
1 0.6637201195219125 0.7988047808764941 0.06648406374501988 0.041168658698539244
1 0.9135956175298804 0.6374501992031872 0.02838645418326692 0.10358565737051798
1 0.7940737051792829 0.7065073041168658 0.047808764940239 0.06640106241699868
1 0.8317978087649404 0.6228419654714475 0.050049800796812746 0.05843293492695878
1 0.786230079681275 0.3891102257636122 0.04257968127490045 0.07702523240371839
1 0.575199203187251 0.6912350597609561 0.03884462151394416 0.07038512616201871
1 0.45941235059760965 0.6766268260292165 0.05826693227091639 0.07038512616201871
1 0.4500747011952192 0.7622841965471447 0.05303784860557769 0.031872509960159334
1 0.5292579681274902 0.9150066401062418 0.06050796812749013 0.04515272244355927
1 0.735433266932271 0.9189907038512615 0.05602589641434264 0.05312084993359903
1 0.800796812749004 0.8618857901726429 0.046314741035856456 0.05843293492695878
1 0.8482320717131475 0.8100929614873837 0.05602589641434264 0.04515272244355927
1 0.857569721115538 0.35590969455511284 0.05677290836653384 0.050464807436919015
1 0.848605577689243 0.2695883134130146 0.05229083665338635 0.05843293492695885
1 0.894546812749004 0.2310756972111554 0.04257968127490045 0.0690571049136786
1 0.9565488047808764 0.20916334661354583 0.0545318725099601 0.05179282868525895
1 0.9206922310756974 0.07569721115537849 0.07246015936254978 0.05046480743691899
1 0.7574701195219125 0.08565737051792828 0.06723107569721122 0.05976095617529879
1 0.6678286852589642 0.06440903054448871 0.06872509960159355 0.046480743691899085
1 0.41870019920318724 0.18061088977423637 0.029133466135458193 0.10889774236387784
1 0.3283117529880478 0.1095617529880478 0.0470617529880478 0.11819389110225764
1 0.39367529880478097 0.5112881806108898 0.06274900398406373 0.06374501992031867
1 0.5023655378486057 0.25763612217795484 0.05901394422310759 0.05577689243027894
1 0.6125498007968129 0.22642762284196546 0.0687250996015937 0.06507304116865868
1 0.6883715139442232 0.7231075697211155 0.04108565737051805 0.09163346613545827
1 0.9214392430278886 0.7410358565737052 0.03212151394422321 0.07702523240371846
1 0.8568227091633466 0.7111553784860558 0.041832669322709105 0.08366533864541836
