0 0.46575349959941353 0.5911547334759145 0.05584360353985669 0.17597122501275048
1 0.5536445536445537 0.5176085176085176 0.07207207207207211 0.09464009464009465
1 0.6412776412776412 0.48994448994448997 0.06879606879606882 0.08008008008008005
1 0.7174447174447175 0.5256165256165256 0.045864045864045834 0.1339521339521339
1 0.6457821457821459 0.5838565838565839 0.05814905814905814 0.09318409318409315
1 0.7059787059787062 0.6930566930566932 0.063882063882064 0.06988806988806985
1 0.7448812448812449 0.7469287469287468 0.03030303030303031 0.12812812812812824
1 0.7031122031122031 0.784056784056784 0.05487305487305491 0.11793611793611788
1 0.5515970515970515 0.9129129129129129 0.06633906633906626 0.08444808444808459
1 0.6437346437346437 0.9354809354809356 0.04914004914004913 0.0917280917280918
1 0.3611793611793612 0.6799526799526799 0.04750204750204752 0.12230412230412241
1 0.43161343161343163 0.7767767767767768 0.029484029484029436 0.09755209755209748
1 0.4832104832104832 0.7898807898807899 0.03767403767403763 0.10628810628810627
1 0.3824733824733825 0.5015925015925016 0.0458640458640459 0.13540813540813532
1 0.3460278460278461 0.4011284011284011 0.03521703521703522 0.13249613249613248
1 0.42465192465192475 0.3552643552643553 0.027027027027027018 0.12230412230412231
1 0.46150696150696147 0.36327236327236323 0.03685503685503683 0.10920010920010917
1 0.4893529893529893 0.2977522977522977 0.03030303030303031 0.12376012376012373
1 0.5237510237510238 0.29265629265629267 0.04176904176904173 0.09027209027209025
1 0.5773955773955773 0.22786422786422786 0.063882063882064 0.09755209755209755
1 0.5122850122850123 0.10992810992810995 0.05323505323505323 0.1033761033761034
1 0.7325962325962325 0.1426881426881427 0.0679770679770681 0.0931840931840932
1 0.30262080262080265 0.323960323960324 0.051597051597051614 0.12376012376012373
1 0.24324324324324323 0.3727363727363727 0.05241605241605246 0.1135681135681136
1 0.29238329238329236 0.5292565292565292 0.06715806715806717 0.06552006552006553
1 0.26330876330876335 0.6158886158886159 0.04176904176904181 0.09900809900809897
1 0.2628992628992629 0.7593047593047593 0.05405405405405407 0.06552006552006545
1 0.30753480753480755 0.7702247702247702 0.03521703521703522 0.10774410774410768
1 0.3783783783783784 0.9194649194649195 0.031122031122031116 0.08299208299208288
1 0.6203931203931203 0.8211848211848212 0.04668304668304671 0.07280007280007282
1 0.585995085995086 0.7469287469287468 0.03030303030303024 0.09900809900809904
1 0.5569205569205569 0.8000728000728 0.032760032760032726 0.10337610337610342
1 0.5376740376740378 0.6559286559286559 0.03849303849303858 0.08008008008007998
1 0.4914004914004914 0.6602966602966603 0.02620802620802614 0.09464009464009457
1 0.414004914004914 0.5824005824005823 0.04668304668304664 0.061152061152061205
1 0.438984438984439 0.663936663936664 0.040950040950041 0.08153608153608154
1 0.3677313677313677 0.7876967876967876 0.052416052416052426 0.06988806988806985
1 0.2731367731367731 0.8714168714168714 0.04013104013104016 0.09755209755209762
1 0.5835380835380836 0.390936390936391 0.03030303030303024 0.12084812084812085
1 0.5114660114660114 0.43825643825643823 0.051597051597051545 0.06406406406406404
1 0.4381654381654382 0.4782964782964783 0.054054054054054036 0.08881608881608884
