0 0.5598854581673308 0.5537848605577689 0.08291832669322709 0.11686586985391763
1 0.7376743027888447 0.552456839309429 0.06947211155378483 0.06108897742363886
1 0.8560756972111554 0.47476759628154047 0.03436254980079681 0.11022576361221781
1 0.7563496015936256 0.24568393094289503 0.06349601593625494 0.05046480743691898
1 0.6308515936254981 0.16201859229747675 0.06947211155378497 0.06640106241699868
1 0.5677290836653387 0.4196547144754317 0.0463147410358566 0.09827357237715809
1 0.4582918326693228 0.5079681274900397 0.045567729083665326 0.0916334661354582
1 0.39853087649402397 0.4262948207171315 0.03510956175298802 0.12483399734395746
1 0.1919820717131474 0.9143426294820718 0.04631474103585656 0.09960159362549803
1 0.2551045816733068 0.4342629482071713 0.07246015936254978 0.07968127490039847
1 0.43625498007968133 0.06374501992031872 0.06872509960159362 0.06374501992031872
1 0.7204930278884463 0.08632138114209827 0.06648406374502003 0.04249667994687915
1 0.851593625498008 0.1905710491367862 0.05229083665338635 0.09694555112881804
1 0.921065737051793 0.3100929614873838 0.06723107569721122 0.05976095617529882
1 0.857569721115538 0.7011952191235059 0.04033864541832657 0.11420982735723768
1 0.7552290836653387 0.8346613545816733 0.03137450199203173 0.09960159362549803
1 0.8758715139442232 0.8326693227091633 0.04108565737051805 0.08233731739707835
1 0.9531872509960161 0.8625498007968128 0.06424302788844613 0.05179282868525888
1 0.6868774900398407 0.9037184594953519 0.06947211155378497 0.0544488711819389
1 0.6073207171314742 0.8021248339973439 0.06872509960159362 0.055776892430278904
1 0.6850099601593627 0.6752988047808764 0.06125498007968119 0.05710491367861891
1 0.43065239043824705 0.8784860557768924 0.05602589641434264 0.06507304116865868
1 0.6413097609561754 0.3379814077025232 0.05303784860557769 0.09163346613545813
1 0.462026892430279 0.26494023904382474 0.05602589641434264 0.04913678618857904
1 0.9647659362549803 0.05577689243027889 0.0545318725099601 0.04780876494023904
1 0.9714890438247014 0.703851261620186 0.0470617529880478 0.055776892430278904
