0 0.49937749003984083 0.46347941567065065 0.1053286852589642 0.07702523240371846
1 0.5718376494023905 0.49601593625498 0.03361553784860547 0.11819389110225757
1 0.5845368525896415 0.6328021248339973 0.041085657370517906 0.1075697211155378
1 0.7074203187250997 0.5604249667994687 0.07320717131474112 0.05312084993359903
1 0.6827689243027889 0.47476759628154047 0.049302788844621546 0.07835325365205847
1 0.6442978087649402 0.3798140770252324 0.030627490039840524 0.10092961487383796
1 0.5636205179282869 0.3399734395750332 0.029133466135458193 0.11420982735723766
1 0.5288844621513945 0.36321381142098275 0.020916334661354553 0.10491367861885792
1 0.49265438247011956 0.32005312084993365 0.026145418326693176 0.08764940239043831
1 0.45306274900398413 0.3300132802124834 0.03510956175298802 0.08632138114209824
1 0.41645916334661365 0.4628154050464808 0.05154382470119522 0.05444887118193897
1 0.3260707171314741 0.4395750332005312 0.032121513944223065 0.09296148738379813
1 0.4526892430278885 0.6248339973439575 0.03286852589641434 0.10491367861885777
1 0.537101593625498 0.6082337317397077 0.026892430278884376 0.11952191235059757
1 0.6988296812749006 0.6573705179282868 0.05453187250996025 0.10092961487383796
1 0.5046065737051794 0.5836653386454183 0.03510956175298802 0.11819389110225757
1 0.3757470119521913 0.5338645418326693 0.07171314741035857 0.0690571049136787
1 0.39666334661354585 0.2649402390438247 0.02838645418326692 0.11819389110225764
1 0.35258964143426297 0.201195219123506 0.02689243027888445 0.11553784860557766
1 0.39367529880478086 0.08632138114209827 0.03436254980079674 0.10624169986719785
1 0.4956424302788846 0.07835325365205842 0.03361553784860561 0.10624169986719785
1 0.50796812749004 0.20517928286852588 0.046314741035856526 0.10756972111553782
1 0.5785607569721116 0.10491367861885789 0.04706175298804773 0.0690571049136786
1 0.7018177290836654 0.2556440903054449 0.03361553784860547 0.10756972111553786
1 0.6289840637450199 0.2543160690571049 0.02838645418326692 0.09960159362549803
1 0.5905129482071715 0.2742363877822045 0.05303784860557777 0.06772908366533865
1 0.5867778884462153 0.20053120849933598 0.027639442231075718 0.07968127490039838
1 0.2692978087649403 0.16135458167330674 0.032121513944223065 0.099601593625498
1 0.2991782868525897 0.26693227091633465 0.05901394422310759 0.06108897742363879
1 0.686503984063745 0.14143426294820716 0.03735059760956176 0.09163346613545817
1 0.7537350597609563 0.043824701195219126 0.020916334661354626 0.061088977423638786
1 0.754855577689243 0.18592297476759626 0.03959163346613536 0.100929614873838
1 0.7328187250996017 0.3764940239043824 0.034362549800796956 0.10225763612217798
1 0.6868774900398407 0.3665338645418326 0.04257968127490031 0.07702523240371846
