0 0.48935759429003634 0.4820800165866968 0.04855577689243005 0.16134511649454236
1 0.49825697211155384 0.34926958831341304 0.025398406374501973 0.09561752988047804
1 0.45231573705179284 0.3539176626826029 0.04257968127490038 0.0624169986719788
1 0.36491533864541836 0.4462151394422311 0.050049800796812746 0.06108897742363879
1 0.413097609561753 0.6095617529880478 0.031374501992031865 0.08764940239043817
1 0.49937749003984067 0.7045152722443558 0.035109561752988086 0.11288180610889768
1 0.5221613545816735 0.6347941567065073 0.03735059760956169 0.1035856573705179
1 0.5692231075697212 0.6308100929614875 0.034362549800796956 0.11952191235059764
1 0.6454183266932272 0.6162018592297477 0.03436254980079674 0.13014608233731742
1 0.6950946215139443 0.6746347941567065 0.051543824701195146 0.09827357237715802
1 0.7541085657370519 0.6228419654714475 0.03660358565737056 0.08233731739707828
1 0.7216135458167332 0.3944223107569721 0.023904382470119712 0.09827357237715795
1 0.6913595617529882 0.3187250996015936 0.021663346613545683 0.07968127490039847
1 0.6009711155378487 0.47808764940239046 0.024651394422310773 0.1088977423638778
1 0.5718376494023905 0.41633466135458164 0.050049800796812746 0.07304116865869852
1 0.44036354581673315 0.49867197875165997 0.07096613545816738 0.07569721115537846
1 0.46501494023904383 0.5737051792828685 0.050049800796812816 0.07436918990703859
1 0.5408366533864543 0.5378486055776892 0.0537848605577689 0.07171314741035864
1 0.32345617529880477 0.6268260292164675 0.06424302788844624 0.07436918990703845
1 0.27602091633466136 0.3240371845949535 0.05004980079681271 0.07171314741035854
1 0.26780378486055784 0.47808764940239046 0.04108565737051794 0.08233731739707835
1 0.34773406374502003 0.3240371845949535 0.03212151394422314 0.10889774236387784
1 0.39180776892430286 0.2695883134130146 0.03361553784860554 0.07968127490039845
1 0.4384960159362551 0.24767596281540505 0.029880478087649393 0.08366533864541836
1 0.4736055776892431 0.2775564409030544 0.03286852589641441 0.08499335989375827
1 0.5165587649402391 0.24302788844621517 0.032121513944222996 0.08764940239043828
1 0.5542828685258965 0.20185922974767595 0.02689243027888445 0.08233731739707835
1 0.583042828685259 0.2543160690571049 0.021663346613545825 0.09694555112881809
1 0.6252490039840639 0.2543160690571049 0.04780876494023914 0.041168658698539175
1 0.6330926294820718 0.3293492695883134 0.039591633466135576 0.0929614873837981
1 0.6625996015936255 0.24435590969455512 0.02241035856573703 0.100929614873838
1 0.608441235059761 0.08831341301460822 0.030627490039840666 0.07569721115537847
1 0.5494272908366534 0.05444887118193892 0.06050796812749006 0.05577689243027889
1 0.45679780876494036 0.17131474103585656 0.041085657370517975 0.07436918990703852
1 0.44297808764940244 0.09096945551128817 0.04930278884462148 0.07038512616201859
1 0.38284362549800804 0.16932270916334657 0.03510956175298802 0.07569721115537849
1 0.3787350597609562 0.10491367861885789 0.03735059760956169 0.0398406374501992
1 0.3380229083665339 0.06905710491367861 0.03809760956175296 0.053120849933598946
1 0.2536105577689243 0.11420982735723773 0.03660358565737052 0.08764940239043824
1 0.6876245019920318 0.049800796812748994 0.039591633466135506 0.0650730411686587
1 0.7122758964143426 0.15073041168658696 0.02913346613545826 0.08366533864541834
1 0.7518675298804781 0.16666666666666663 0.02315737051792837 0.08632138114209827
1 0.7447709163346614 0.250996015936255 0.04033864541832657 0.06108897742363883
