0 0.456050796812749 0.4721115537848605 0.08740039840637451 0.11553784860557763
1 0.5281374501992033 0.4150066401062417 0.059760956175298856 0.0544488711819389
1 0.5613794820717132 0.5039840637450199 0.06947211155378483 0.05179282868525895
1 0.5498007968127491 0.5790172642762283 0.04482071713147406 0.04249667994687925
1 0.5565239043824701 0.6288180610889774 0.0552788844621513 0.04913678618857901
1 0.6420567729083666 0.8539176626826028 0.02763944223107565 0.1168658698539177
1 0.5337400398406374 0.9302788844621515 0.036603585657370416 0.08366533864541836
1 0.45941235059760965 0.8160690571049136 0.04332669322709165 0.1155378486055777
1 0.49377490039840644 0.7277556440903055 0.03735059760956176 0.06374501992031867
1 0.5371015936254981 0.7058432934926958 0.03436254980079681 0.035856573705179216
1 0.6435507968127492 0.6162018592297476 0.03212151394422321 0.061088977423638655
1 0.5408366533864543 0.23041168658698538 0.06125498007968133 0.03851261620185923
1 0.5165587649402391 0.15869853917662682 0.06050796812749006 0.05179282868525899
1 0.5725846613545817 0.1553784860557769 0.05154382470119522 0.05312084993359896
1 0.4601593625498009 0.27224435590969454 0.06723107569721115 0.04780876494023907
1 0.44297808764940244 0.34528552456839307 0.05826693227091639 0.03984063745019924
1 0.3641683266932272 0.4136786188579017 0.03361553784860561 0.07569721115537846
1 0.38994023904382474 0.49136786188579024 0.04332669322709158 0.03984063745019917
1 0.47547310756972117 0.5849933598937582 0.032121513944223065 0.08100929614873842
1 0.43588147410358574 0.594953519256308 0.02913346613545812 0.08764940239043824
1 0.2954432270916335 0.29614873837981404 0.030627490039840666 0.07702523240371846
1 0.31561254980079684 0.18459495351925628 0.027639442231075683 0.09030544488711818
1 0.3723854581673307 0.15405046480743692 0.050049800796812746 0.045152722443559126
1 0.17293326693227093 0.10159362549800796 0.051543824701195236 0.04382470119521912
1 0.2293326693227092 0.0796812749003984 0.03884462151394423 0.03452855245683931
1 0.05677290836653388 0.16733067729083664 0.04631474103585658 0.04515272244355909
1 0.07843625498007968 0.25298804780876494 0.03585657370517928 0.07038512616201864
1 0.07619521912350598 0.35790172642762286 0.03884462151394422 0.0836653386454183
1 0.06909860557768925 0.45617529880478086 0.03959163346613546 0.07569721115537846
1 0.11391932270916336 0.5239043824701195 0.042579681274900395 0.046480743691898994
1 0.05901394422310758 0.5405046480743693 0.04631474103585658 0.045152722443559196
1 0.07208665338645419 0.6049136786188579 0.024651394422310756 0.046480743691898994
1 0.12138944223107571 0.6533864541832669 0.0276394422310757 0.08233731739707842
1 0.15612549800796813 0.5756972111553784 0.02838645418326692 0.10225763612217798
1 0.1460408366533865 0.7768924302788843 0.0276394422310757 0.08499335989375836
1 0.17293326693227093 0.7031872509960158 0.033615537848605596 0.0624169986719788
1 0.27265936254980083 0.7270916334661354 0.04482071713147409 0.03851261620185909
1 0.24651394422310757 0.7855245683930943 0.05079681274900398 0.05710491367861891
1 0.24763446215139445 0.8373173970783533 0.06200199203187253 0.03320053120849934
1 0.26108067729083667 0.8884462151394422 0.05602589641434264 0.06374501992031867
1 0.2819970119521913 0.9409030544488712 0.06648406374501996 0.04648074369189913
1 0.06909860557768925 0.8897742363877822 0.06499003984063745 0.04249667994687911
1 0.08814741035856574 0.7609561752988049 0.0657370517928287 0.03984063745019924
1 0.032495019920318724 0.751660026560425 0.03660358565737051 0.11420982735723754
