0 0.49529433829498 0.4480610881982702 0.053898725422290815 0.17448932355849572
1 0.5098356573705181 0.3100929614873838 0.044073705179282927 0.09694555112881811
1 0.5979830677290838 0.28486055776892427 0.03212151394422314 0.09960159362549798
1 0.5542828685258965 0.2729083665338645 0.04183266932270918 0.08632138114209831
1 0.5464392430278885 0.36122177954847273 0.05751992031872511 0.04780876494023907
1 0.5808017928286853 0.41102257636122175 0.041085657370517975 0.06772908366533863
1 0.6166583665338646 0.4694555112881806 0.03212151394422314 0.1022576361221779
1 0.6499003984063745 0.5723771580345286 0.029880478087649324 0.12483399734395753
1 0.6958416334661357 0.6248339973439575 0.05154382470119529 0.07304116865869843
1 0.5875249003984064 0.5351925630810094 0.027639442231075718 0.1328021248339973
1 0.5337400398406376 0.5664010624169987 0.045567729083665395 0.09428950863213814
1 0.4956424302788845 0.6142098273572377 0.032121513944223065 0.10491367861885785
1 0.428784860557769 0.6162018592297477 0.040338645418326706 0.08764940239043824
1 0.31785358565737054 0.7450199203187257 0.062001992031872434 0.055776892430278016
1 0.3675298804780877 0.5942895086321381 0.05378486055776897 0.07038512616201864
1 0.4511952191235061 0.4548472775564409 0.055278884462151436 0.06241699867197873
1 0.44633964143426297 0.3897742363877822 0.05154382470119522 0.054448871181938904
1 0.611429282868526 0.13147410358565736 0.05901394422310759 0.053120849933598946
1 0.613296812749004 0.05046480743691898 0.031374501992031935 0.06905710491367861
1 0.5255229083665339 0.1254980079681275 0.027639442231075718 0.09960159362549803
1 0.49414840637450214 0.08300132802124834 0.030627490039840666 0.08632138114209827
1 0.4455926294820718 0.07038512616201859 0.03959163346613544 0.06374501992031872
1 0.3693974103585657 0.250996015936255 0.035109561752988176 0.06374501992031877
1 0.40824203187251 0.28021248339973437 0.030627490039840666 0.10358565737051795
1 0.45605079681274907 0.32204515272244355 0.041085657370517906 0.05710491367861884
1 0.6999501992031872 0.46480743691899074 0.02838645418326692 0.10358565737051796
1 0.6909860557768925 0.27091633466135456 0.031374501992031865 0.09296148738379813
1 0.72273406374502 0.21181938911022577 0.054531872509960236 0.043824701195219085
1 0.7253486055776893 0.1679946879150066 0.04631474103585674 0.05179282868525898
1 0.7421563745019921 0.10159362549800796 0.026145418326693176 0.06772908366533865
1 0.6823954183266934 0.07370517928286852 0.04407370517928286 0.09960159362549799
1 0.31449203187250996 0.05710491367861885 0.02689243027888445 0.0849933598937583
1 0.2849850597609562 0.07636122177954846 0.027639442231075683 0.08632138114209827
1 0.250996015936255 0.12483399734395752 0.03884462151394423 0.10358565737051795
1 0.27751494023904383 0.28552456839309426 0.057519920318725146 0.055776892430278904
1 0.3215886454183267 0.41301460823373176 0.06200199203187253 0.055776892430278835
1 0.36043326693227096 0.4880478087649402 0.03361553784860561 0.08100929614873835
1 0.39703685258964144 0.41367861885790175 0.0246513944223107 0.1155378486055777
1 0.573331673306773 0.6434262948207171 0.05303784860557769 0.0544488711819389
