0 0.44664766003840567 0.4886426999472281 0.19960265086855067 0.1790881790881797
1 0.10196560196560195 0.495040495040495 0.15642915642915642 0.12812812812812824
1 0.2113022113022113 0.33633633633633636 0.08026208026208029 0.17472017472017473
1 0.30712530712530717 0.31740831740831743 0.09664209664209668 0.1805441805441806
1 0.28050778050778047 0.7942487942487944 0.10565110565110562 0.1790881790881791
1 0.2514332514332514 0.10774410774410775 0.10974610974610971 0.1601601601601602
1 0.5769860769860771 0.1710801710801711 0.06470106470106472 0.24897624897624898
1 0.6908271908271908 0.07134407134407135 0.06961506961506955 0.1426881426881427
1 0.8116298116298117 0.08663208663208664 0.12940212940212958 0.11211211211211213
1 0.7669942669942671 0.22204022204022206 0.1236691236691236 0.08881608881608884
1 0.898034398034398 0.29556829556829556 0.11384111384111392 0.11065611065611065
1 0.9582309582309583 0.47101647101647104 0.08353808353808362 0.12376012376012384
1 0.9328419328419328 0.6537446537446537 0.06388206388206384 0.18928018928018922
1 0.7710892710892711 0.8000728000728 0.05814905814905814 0.18782418782418786
1 0.8505323505323505 0.6610246610246611 0.07289107289107292 0.19801619801619794
1 0.8656838656838656 0.7855127855127856 0.09991809991810001 0.11502411502411505
1 0.9221949221949223 0.8524888524888524 0.1048321048321047 0.12376012376012369
1 0.5491400491400491 0.816088816088816 0.07452907452907453 0.1994721994721995
1 0.44963144963144963 0.768040768040768 0.04914004914004906 0.1936481936481937
1 0.4676494676494676 0.628992628992629 0.10319410319410316 0.09900809900809904
1 0.6015561015561015 0.5023205023205023 0.06961506961506955 0.16889616889616896
1 0.7211302211302211 0.3254163254163254 0.10565110565110558 0.1004641004641005
1 0.7596232596232596 0.4054964054964055 0.11056511056511056 0.11502411502411505
1 0.8546273546273545 0.4644644644644646 0.048321048321048325 0.18636818636818642
1 0.708026208026208 0.521976521976522 0.11384111384111392 0.11502411502411497
1 0.38288288288288286 0.7767767767767768 0.06633906633906633 0.23150423150423152
1 0.6470106470106469 0.7942487942487942 0.1261261261261261 0.10046410046410045
