0 0.4433515936254978 0.43227091633466125 0.08142430278884519 0.12350597609561742
1 0.65625 0.4867197875166002 0.07096613545816738 0.05444887118193897
1 0.7683017928286853 0.5099601593625498 0.041085657370517906 0.10092961487383796
1 0.5423306772908367 0.7324037184594954 0.07021912350597617 0.0544488711819389
1 0.48369023904382474 0.7788844621513944 0.06499003984063748 0.04648074369189913
1 0.37761454183266935 0.7622841965471447 0.06499003984063748 0.045152722443559126
1 0.3036603585657371 0.7078353253652058 0.06200199203187253 0.04249667994687911
1 0.31972111553784865 0.851925630810093 0.03585657370517932 0.11022576361221781
1 0.23605577689243035 0.8213811420982736 0.0552788844621514 0.0756972111553786
1 0.16508964143426297 0.656706507304117 0.05079681274900402 0.08897742363877832
1 0.13857071713147412 0.5219123505976095 0.033615537848605576 0.0929614873837982
1 0.16919820717131476 0.3545816733067729 0.06648406374501993 0.03984063745019924
1 0.1725597609561753 0.1885790172642762 0.06125498007968126 0.053120849933598925
1 0.12437749003984065 0.16135458167330674 0.03510956175298805 0.08366533864541832
1 0.08665338645418327 0.17330677290836655 0.0343625498007968 0.10756972111553782
1 0.09449701195219125 0.24767596281540502 0.06797808764940241 0.043824701195219126
1 0.04967629482071713 0.38247011952191234 0.048555776892430284 0.06640106241699868
1 0.05565239043824702 0.31673306772908366 0.042579681274900416 0.062416998671978766
1 0.07806274900398406 0.6626826029216467 0.07993027888446216 0.05843293492695885
1 0.0784362549800797 0.7250996015936255 0.06424302788844623 0.045152722443559126
1 0.14529382470119523 0.7875166002656041 0.04108565737051794 0.11420982735723768
1 0.18936752988047814 0.8824701195219125 0.04855577689243032 0.07835325365205847
1 0.25659860557768926 0.8818061088977425 0.05751992031872511 0.055776892430278766
1 0.060134462151394424 0.8791500664010624 0.05453187250996016 0.06640106241699868
1 0.03623007968127491 0.4701195219123506 0.053037848605577705 0.06108897742363881
1 0.07283366533864542 0.07104913678618857 0.05303784860557769 0.05976095617529881
1 0.3212151394422311 0.0796812749003984 0.05229083665338649 0.05843293492695882
1 0.5580179282868527 0.10889774236387784 0.05826693227091624 0.07702523240371846
1 0.4624003984063745 0.13745019920318724 0.03884462151394423 0.10756972111553786
1 0.4351344621513945 0.5584329349269588 0.036603585657370485 0.09694555112881809
1 0.5008715139442232 0.4741035856573705 0.030627490039840596 0.1088977423638778
1 0.4485806772908367 0.2536520584329349 0.02913346613545812 0.07968127490039845
1 0.3925547808764941 0.19322709163346613 0.054531872509960166 0.046480743691899064
1 0.3092629482071714 0.18725099601593626 0.04183266932270918 0.07968127490039838
1 0.3129980079681275 0.30876494023904383 0.05826693227091631 0.04648074369189903
1 0.25435756972111556 0.4455511288180611 0.05901394422310759 0.05710491367861891
