0 0.5341135458167332 0.5066401062416998 0.05826693227091639 0.1660026560424967
1 0.5113296812749004 0.645418326693227 0.07395418326693225 0.05843293492695878
1 0.5453187250996017 0.7131474103585657 0.07021912350597617 0.05843293492695892
1 0.5344870517928287 0.855909694555113 0.07544820717131472 0.059760956175298786
1 0.45642430278884466 0.5179282868525896 0.06424302788844628 0.061088977423638724
1 0.43476095617529886 0.34528552456839307 0.06872509960159362 0.07702523240371843
1 0.7369272908366534 0.5112881806108898 0.06499003984063748 0.07702523240371839
1 0.786230079681275 0.43094289508632144 0.03361553784860561 0.10756972111553786
1 0.7895916334661355 0.33731739707835323 0.06872509960159362 0.06108897742363876
1 0.8687749003984067 0.6998671978751659 0.06424302788844628 0.04780876494023914
1 0.9371264940239044 0.6925630810092962 0.06499003984063748 0.07569721115537846
1 0.8034113545816735 0.7968127490039842 0.062001992031872524 0.04249667994687925
1 0.6054531872509961 0.851261620185923 0.039591633466135506 0.11155378486055781
1 0.6032121513944224 0.50265604249668 0.05901394422310759 0.06772908366533854
1 0.6062001992031872 0.44223107569721115 0.044073705179282927 0.06108897742363879
1 0.618152390438247 0.3665338645418328 0.05602589641434231 0.063745019920319
1 0.780253984063745 0.1739707835325365 0.07096613545816723 0.05577689243027886
1 0.6801543824701198 0.10889774236387781 0.06797808764940202 0.06108897742363881
1 0.9106075697211157 0.4741035856573705 0.025398406374501973 0.12483399734395746
1 0.9550547808764941 0.09030544488711818 0.0380976095617531 0.11155378486055778
1 0.20580179282868527 0.5564409030544488 0.0724601593625498 0.05046480743691903
1 0.33017928286852594 0.452855245683931 0.04930278884462148 0.11420982735723775
1 0.420941235059761 0.8592297476759628 0.06947211155378483 0.055776892430278766
