0 0.48517197198128753 0.45171557020167435 0.04313983246626092 0.1792528692716715
1 0.4837557154533544 0.4568715134058436 0.03188882764608466 0.10764716450139397
1 0.48742529880478097 0.5604249667994687 0.024651394422310773 0.13280212483399736
1 0.5214143426294822 0.5936254980079682 0.02390438247011943 0.10889774236387786
1 0.5408366533864544 0.6128818061088976 0.034362549800796886 0.12350597609561753
1 0.6980826693227092 0.6274900398406374 0.03510956175298787 0.09428950863213807
1 0.6583598838388905 0.5586968580566958 0.05602589641434253 0.05444887118193897
1 0.4402369406196573 0.6504021784471099 0.034456340694215645 0.10186412832210773
1 0.4089890438247012 0.6108897742363878 0.03361553784860554 0.095617529880478
1 0.4156113365019067 0.48342211828911963 0.062306636044334764 0.0459767154001022
1 0.26855079681274907 0.6925630810092962 0.03361553784860554 0.11819389110225764
1 0.2875996015936256 0.3061088977423639 0.06872509960159362 0.04648074369189903
1 0.3798555776892431 0.26162018592297476 0.07544820717131479 0.058432934926958884
1 0.3764940239043825 0.20385126162018594 0.05378486055776897 0.043824701195219085
1 0.2902141434262948 0.22310756972111556 0.042579681274900416 0.09030544488711816
1 0.3044073705179283 0.11354581673306774 0.053037848605577656 0.05976095617529882
1 0.3447460159362551 0.17330677290836655 0.035109561752988086 0.08100929614873838
1 0.5830428286852591 0.2563081009296147 0.032121513944223384 0.11952191235059756
1 0.5423306772908367 0.28884462151394424 0.02689243027888445 0.11288180610889782
1 0.5139442231075698 0.30013280212483395 0.028386454183266848 0.08233731739707832
1 0.4549302788844622 0.3114209827357238 0.025398406374501973 0.05710491367861881
1 0.40562749003984067 0.32138114209827356 0.06274900398406373 0.04249667994687911
1 0.42467629482071717 0.3944223107569721 0.054531872509960166 0.04249667994687918
1 0.6368276892430279 0.3970783532536521 0.029133466135458193 0.09827357237715795
1 0.6614790836653387 0.33399734395750336 0.024651394422310773 0.08100929614873838
1 0.68949203187251 0.4309428950863214 0.025398406374501973 0.10491367861885792
1 0.6659611553784862 0.1699867197875166 0.035109561752988155 0.12217795484727753
1 0.6256225099601594 0.26095617529880477 0.04257968127490045 0.0916334661354582
1 0.5117031872509962 0.06241699867197873 0.026892430278884546 0.10624169986719785
1 0.35968625498007967 0.051128818061088974 0.029133466135458193 0.099601593625498
1 0.3040338645418327 0.41168658698539173 0.0612549800796813 0.07968127490039834
1 0.29014311904296497 0.5060430557228278 0.052290836653386366 0.04913678618857911
1 0.7548963412969543 0.37409041611516974 0.06318521941151607 0.05481164213316089
1 0.7055527888446216 0.26759628154050463 0.02913346613545812 0.09960159362549803
1 0.5849103585657373 0.14276228419654713 0.0507968127490041 0.07835325365205845
1 0.5000502606264664 0.19885470260200586 0.05751992031872504 0.05444887118193908
1 0.3906872509960159 0.13213811420982735 0.029880478087649393 0.09960159362549803
1 0.33993841252947005 0.3694523046600159 0.07029683102434914 0.0455731921983815
