0 0.5128237051792829 0.5033200531208499 0.10831673306772913 0.09030544488711818
1 0.6024651394422311 0.5086321381142098 0.06648406374501996 0.08233731739707835
1 0.5064741035856575 0.3652058432934927 0.03884462151394423 0.12483399734395746
1 0.5524153386454184 0.3346613545816733 0.03660358565737056 0.12217795484727759
1 0.5968625498007969 0.3486055776892431 0.050796812749003946 0.11819389110225764
1 0.3929282868525897 0.4223107569721115 0.04930278884462148 0.12217795484727752
1 0.406374501992032 0.26228419654714474 0.059760956175298856 0.0677290836653387
1 0.6196464143426296 0.15139442231075698 0.04855577689243035 0.09296148738379814
1 0.2980577689243028 0.300132802124834 0.052290836653386456 0.10624169986719792
1 0.2849850597609562 0.41766268260292166 0.07544820717131476 0.0544488711819389
1 0.29282868525896416 0.49734395750332 0.0463147410358566 0.10225763612217798
1 0.4142181274900399 0.5617529880478088 0.03212151394422314 0.11686586985391763
1 0.4661354581673307 0.5909694555112881 0.03436254980079681 0.09030544488711818
1 0.5075946215139443 0.6513944223107571 0.027639442231075718 0.08897742363877832
1 0.546812749003984 0.6407702523240372 0.034362549800796886 0.09163346613545813
1 0.5744521912350598 0.5956175298804781 0.04332669322709158 0.08366533864541836
1 0.6913595617529882 0.7357237715803453 0.03361553784860547 0.12483399734395746
1 0.7473854581673308 0.6918990703851261 0.051543824701195146 0.11420982735723775
1 0.7025647410358568 0.5737051792828685 0.05602589641434264 0.09561752988047814
1 0.6301045816733069 0.6673306772908367 0.06648406374501996 0.07835325365205854
1 0.5737051792828686 0.7822045152722444 0.06424302788844628 0.07171314741035857
1 0.644671314741036 0.7689243027888446 0.04183266932270925 0.08233731739707821
1 0.4579183266932272 0.7629482071713147 0.040338645418326706 0.14209827357237714
1 0.41571215139442236 0.8007968127490039 0.030627490039840666 0.1168658698539177
1 0.38247011952191245 0.7795484727755644 0.035856573705179286 0.08764940239043824
1 0.3555776892430279 0.8924302788844622 0.03884462151394423 0.11952191235059757
1 0.3174800796812749 0.7343957503320052 0.035856573705179286 0.1088977423638778
1 0.30515438247011956 0.6726427622841965 0.03510956175298805 0.11288180610889768
1 0.29170816733067734 0.8333333333333333 0.05901394422310755 0.04648074369189913
1 0.2640687250996016 0.7503320053120851 0.05901394422310755 0.047808764940239
1 0.5105826693227092 0.891766268260292 0.06050796812749006 0.07569721115537831
1 0.6050796812749004 0.899070385126162 0.03436254980079674 0.11155378486055767
1 0.643550796812749 0.8970783532536521 0.03510956175298802 0.11288180610889782
1 0.7358067729083666 0.8804780876494024 0.06274900398406373 0.08499335989375822
