0 0.46397921538305426 0.6162544289179166 0.049779241974465455 0.18360502161932257
1 0.3022113022113022 0.48848848848848847 0.04750204750204748 0.12958412958412957
1 0.3067158067158067 0.3661843661843662 0.03685503685503686 0.09464009464009465
1 0.5798525798525799 0.26499226499226497 0.06715806715806721 0.08444808444808444
1 0.5778050778050777 0.3894803894803895 0.03849303849303851 0.11793611793611788
1 0.6343161343161343 0.4127764127764128 0.049959049959049866 0.08299208299208295
1 0.7113022113022112 0.3734643734643735 0.06797706797706794 0.048048048048048034
1 0.7211302211302211 0.3254163254163254 0.051597051597051406 0.05387205387205388
1 0.6936936936936937 0.25771225771225764 0.07534807534807542 0.06115206115206117
1 0.7174447174447175 0.7185367185367184 0.057330057330057256 0.07425607425607424
1 0.5982800982800982 0.5933205933205933 0.027027027027027088 0.10920010920010924
1 0.6891891891891891 0.5707525707525707 0.0778050778050779 0.06988806988806978
1 0.5544635544635544 0.5292565292565292 0.05896805896805901 0.06552006552006553
1 0.552006552006552 0.6107926107926108 0.06388206388206391 0.05678405678405674
1 0.5962325962325962 0.7367367367367368 0.03767403767403778 0.13686413686413687
1 0.5413595413595413 0.813904813904814 0.05733005733005733 0.04950404950404959
1 0.45208845208845205 0.7272727272727272 0.0458640458640459 0.06843206843206844
1 0.49549549549549554 0.6901446901446902 0.027846027846027896 0.0786240786240785
1 0.45536445536445536 0.6348166348166349 0.06388206388206384 0.055328055328055396
1 0.5503685503685504 0.6806806806806808 0.045864045864045834 0.050960050960051004
1 0.39025389025389023 0.8604968604968605 0.07125307125307132 0.06988806988806999
1 0.4701064701064701 0.8575848575848576 0.03603603603603602 0.09318409318409322
1 0.5045045045045046 0.8262808262808262 0.042588042588042614 0.07134407134407127
1 0.5614250614250614 0.9129129129129129 0.05159705159705169 0.08736008736008742
1 0.6212121212121212 0.9114569114569115 0.031941031941032 0.08736008736008742
1 0.6613431613431612 0.9325689325689325 0.03194103194103192 0.08299208299208302
1 0.6957411957411958 0.9311129311129313 0.023751023751023722 0.08299208299208302
1 0.7207207207207208 0.9070889070889071 0.031122031122031046 0.08736008736008728
1 0.7481572481572482 0.8714168714168714 0.0368550368550369 0.10046410046410045
1 0.34930384930384933 0.9383929383929385 0.04668304668304664 0.05387205387205384
1 0.32841932841932847 0.8983528983528984 0.03767403767403767 0.06988806988806985
1 0.33169533169533166 0.8226408226408227 0.052416052416052426 0.03785603785603783
1 0.3108108108108108 0.7243607243607244 0.03357903357903357 0.085904085904086
1 0.3173628173628174 0.6552006552006552 0.04013104013104016 0.0990080990080991
1 0.40663390663390664 0.46810446810446815 0.03849303849303851 0.10628810628810627
1 0.42874692874692877 0.35089635089635096 0.05487305487305491 0.061152061152061135
1 0.46478296478296477 0.436072436072436 0.0286650286650287 0.11502411502411497
1 0.5045045045045045 0.388024388024388 0.03931203931203932 0.10337610337610335
1 0.25266175266175267 0.6799526799526799 0.03521703521703522 0.08444808444808444
1 0.262080262080262 0.6115206115206115 0.050778050778050775 0.07280007280007282
1 0.24078624078624078 0.5248885248885249 0.03767403767403763 0.07425607425607432
1 0.26617526617526616 0.8255528255528256 0.06060606060606062 0.0815360815360816
1 0.43652743652743653 0.9434889434889435 0.03112203112203119 0.07280007280007282
1 0.5110565110565111 0.9172809172809173 0.024570024570024673 0.10483210483210485
1 0.741195741195741 0.43170443170443173 0.05896805896805901 0.08590408590408587
1 0.6298116298116299 0.5256165256165256 0.03767403767403778 0.08736008736008728
1 0.5278460278460279 0.48412048412048414 0.051597051597051614 0.06552006552006545
1 0.4152334152334153 0.6093366093366093 0.032760032760032726 0.10628810628810641
1 0.4021294021294021 0.6988806988806988 0.03931203931203932 0.10774410774410782
1 0.3759213759213759 0.5722085722085722 0.029484029484029506 0.10774410774410782
