0 0.5365237861890784 0.450457150665751 0.12152121961782512 0.3547928257329261
1 0.35626535626535627 0.4513604513604514 0.12776412776412777 0.11065611065611072
1 0.3955773955773956 0.7098007098007098 0.12121212121212124 0.12958412958412965
1 0.23587223587223588 0.7826007826007827 0.10155610155610155 0.16744016744016746
1 0.3095823095823096 0.8932568932568933 0.095004095004095 0.13832013832013842
1 0.11343161343161343 0.1601601601601602 0.13841113841113842 0.12812812812812813
1 0.39271089271089266 0.08881608881608882 0.07125307125307125 0.17763217763217765
1 0.5151515151515151 0.2052962052962053 0.08517608517608516 0.2125762125762126
1 0.6281736281736281 0.3465283465283466 0.10647010647010646 0.0960960960960961
1 0.7182637182637183 0.5081445081445082 0.07207207207207204 0.2154882154882155
1 0.5884520884520884 0.5008645008645009 0.07944307944307952 0.1805441805441805
1 0.509009009009009 0.7665847665847666 0.08763308763308757 0.13249613249613248
1 0.4991809991809991 0.8925288925288924 0.08763308763308764 0.12812812812812824
1 0.7514332514332515 0.8903448903448904 0.12203112203112199 0.0713440713440714
1 0.8386568386568386 0.8117208117208118 0.10810810810810806 0.08881608881608884
1 0.8394758394758395 0.663936663936664 0.09828009828009826 0.09318409318409322
1 0.9545454545454546 0.6042406042406043 0.09090909090909094 0.11648011648011644
1 0.8648648648648648 0.4266084266084266 0.055692055692055646 0.1951041951041951
1 0.8132678132678132 0.3443443443443443 0.05405405405405403 0.19947219947219946
1 0.8894348894348895 0.2162162162162162 0.052416052416052426 0.21112021112021112
1 0.9324324324324325 0.36545636545636545 0.049959049959049935 0.1951041951041951
1 0.9701064701064701 0.13613613613613615 0.053235053235053155 0.16744016744016743
1 0.6863226863226863 0.29192829192829195 0.11629811629811627 0.12376012376012373
1 0.7592137592137592 0.11211211211211211 0.05896805896805901 0.165984165984166
1 0.8415233415233415 0.08517608517608519 0.10237510237510236 0.14123214123214123
1 0.6715806715806716 0.11648011648011648 0.07207207207207197 0.15433615433615433
1 0.6625716625716627 0.7862407862407863 0.11957411957411958 0.09318409318409308
1 0.6429156429156428 0.6552006552006552 0.1408681408681408 0.09318409318409308
1 0.8652743652743652 0.9289289289289289 0.12858312858312856 0.09027209027209025
