0 0.471738047808765 0.5026560424966798 0.06050796812748994 0.17662682602921648
1 0.22223605577689245 0.5803452855245684 0.05154382470119527 0.12217795484727757
1 0.3357818725099602 0.2656042496679947 0.07544820717131479 0.06108897742363879
1 0.5221613545816733 0.12749003984063745 0.03884462151394423 0.11155378486055778
1 0.5591384462151394 0.07171314741035856 0.03212151394422314 0.10358565737051792
1 0.668949203187251 0.4568393094289509 0.04257968127490031 0.13014608233731742
1 0.951319721115538 0.38247011952191234 0.08291832669322702 0.06374501992031867
1 0.4956424302788845 0.7735723771580345 0.07843625498007967 0.05179282868525888
1 0.5755727091633467 0.6540504648074369 0.05901394422310759 0.06507304116865868
1 0.2622011952191235 0.7669322709163348 0.05677290836653384 0.09428950863213814
1 0.3256972111553785 0.8950863213811421 0.06723107569721115 0.06640106241699868
1 0.3944223107569722 0.8930942895086322 0.05079681274900402 0.11022576361221781
1 0.2356822709163347 0.4262948207171315 0.03809760956175303 0.1035856573705179
1 0.11354581673306775 0.5192563081009296 0.049302788844621526 0.061088977423638724
1 0.09038844621513946 0.6812749003984063 0.06274900398406376 0.055776892430278904
1 0.21215139442231076 0.6786188579017264 0.09412350597609563 0.04515272244355927
1 0.14529382470119523 0.7868525896414343 0.0724601593625498 0.05710491367861891
1 0.21962151394422313 0.8419654714475432 0.07021912350597613 0.050464807436918876
1 0.042579681274900395 0.45351925630810086 0.03137450199203187 0.10756972111553786
1 0.03623007968127491 0.09694555112881804 0.05004980079681277 0.06108897742363878
1 0.10906374501992033 0.11088977423638777 0.059760956175298814 0.04648074369189905
1 0.1833914342629482 0.13147410358565736 0.04855577689243026 0.050464807436919
1 0.13334163346613548 0.3100929614873838 0.06349601593625501 0.038512616201859196
1 0.24203187250996025 0.249667994687915 0.03884462151394427 0.055776892430278904
1 0.3813496015936255 0.0697211155378486 0.05154382470119522 0.05710491367861886
1 0.27191235059760954 0.0949535192563081 0.052290836653386456 0.038512616201859216
1 0.38321713147410363 0.648738379814077 0.05826693227091631 0.0544488711819389
1 0.3395169322709164 0.5697211155378485 0.02763944223107565 0.08233731739707842
1 0.32980577689243035 0.4953519256308101 0.06499003984063752 0.03984063745019917
1 0.3208416334661355 0.4428950863213811 0.053037848605577725 0.04913678618857894
1 0.30702191235059767 0.6420982735723771 0.05677290836653384 0.046480743691899064
1 0.09449701195219125 0.8698539176626826 0.05154382470119523 0.05312084993359889
1 0.0466882470119522 0.8087649402390437 0.03361553784860559 0.1035856573705179
1 0.5221613545816735 0.296812749003984 0.07470119521912359 0.06241699867197873
1 0.5423306772908367 0.50132802124834 0.06125498007968133 0.0650730411686586
1 0.5901394422310757 0.7742363877822046 0.03884462151394416 0.12749003984063748
