0 0.5117031872509961 0.5152722443559097 0.10906374501992033 0.09296148738379806
1 0.5004980079681276 0.38114209827357237 0.05378486055776897 0.13280212483399734
1 0.5475597609561754 0.3300132802124834 0.044820717131474126 0.1341301460823373
1 0.5841633466135459 0.3559096945551129 0.02838645418326692 0.13545816733067728
1 0.5090886454183267 0.6427622841965471 0.041085657370517836 0.09827357237715802
1 0.5423306772908367 0.6148738379814077 0.035856573705179216 0.09296148738379799
1 0.5759462151394423 0.596281540504648 0.026892430278884376 0.1460823373173971
1 0.6521414342629482 0.5776892430278885 0.07021912350597596 0.05312084993359896
1 0.6618525896414343 0.655378486055777 0.06723107569721115 0.059760956175298786
1 0.6106822709163348 0.7841965471447542 0.04257968127490045 0.09428950863213811
1 0.5498007968127491 0.8904382470119522 0.055278884462151436 0.07569721115537846
1 0.6129233067729084 0.8990703851261618 0.030627490039840666 0.09827357237715802
1 0.6469123505976097 0.899070385126162 0.02838645418326692 0.10889774236387793
1 0.668949203187251 0.8592297476759627 0.03510956175298802 0.11952191235059757
1 0.7238545816733069 0.8459495351925631 0.06274900398406373 0.06374501992031867
1 0.4272908366533865 0.8764940239043824 0.06424302788844628 0.050464807436919015
1 0.3940488047808765 0.8160690571049136 0.03361553784860554 0.11819389110225771
1 0.3481075697211156 0.8014608233731741 0.04183266932270918 0.09428950863213814
1 0.30067231075697215 0.6859229747675962 0.024651394422310773 0.11288180610889775
1 0.2920816733067729 0.5106241699867198 0.03884462151394423 0.12616201859229753
1 0.4138446215139443 0.4375830013280212 0.04780876494023907 0.0916334661354582
1 0.35819223107569725 0.3094289508632138 0.04257968127490045 0.12483399734395753
1 0.3010458167330678 0.3293492695883134 0.04780876494023907 0.1168658698539177
1 0.2782619521912351 0.7749003984063745 0.062001992031872524 0.051792828685258877
1 0.5090886454183267 0.8087649402390437 0.05303784860557762 0.06374501992031881
1 0.7671812749003984 0.5703851261620185 0.026892430278884518 0.10225763612217798
1 0.7429033864541833 0.4448871181938911 0.0380976095617531 0.13014608233731736
1 0.6625996015936256 0.47343957503320055 0.05677290836653391 0.09428950863213807
1 0.6334661354581673 0.34926958831341304 0.04332669322709165 0.11686586985391767
1 0.3103834661354582 0.9389110225763612 0.07096613545816734 0.05312084993359889
1 0.36528884462151395 0.948871181938911 0.03436254980079681 0.07835325365205847
1 0.5494272908366534 0.9674634794156708 0.07246015936254978 0.04913678618857901
