0 0.5209947394310133 0.4138084596747538 0.05258754283902885 0.16121048446832084
1 0.5856573705179283 0.31673306772908366 0.035856573705179286 0.08632138114209831
1 0.6166583665338646 0.3419654714475432 0.045567729083665395 0.08632138114209828
1 0.6383217131474105 0.4216467463479415 0.05901394422310752 0.0544488711819389
1 0.7141434262948207 0.4329349269588313 0.05677290836653384 0.055776892430278904
1 0.6738047808764941 0.547144754316069 0.03884462151394416 0.0690571049136787
1 0.7122758964143426 0.6115537848605578 0.039591633466135506 0.07835325365205832
1 0.5729581673306774 0.6294820717131474 0.029880478087649393 0.10092961487383789
1 0.5131972111553786 0.7131474103585657 0.02838645418326699 0.11686586985391756
1 0.44335159362549803 0.6029216467463479 0.03361553784860554 0.11420982735723775
1 0.37724103585657376 0.5710491367861885 0.040338645418326706 0.11155378486055781
1 0.40226593625498014 0.3718459495351925 0.023157370517928228 0.12217795484727752
1 0.2999252988047809 0.3758300132802125 0.029133466135458193 0.11155378486055781
1 0.3361553784860558 0.47875166002656044 0.03436254980079674 0.09428950863213807
1 0.47211155378486064 0.4953519256308101 0.04332669322709165 0.047808764940239
1 0.3339143426294821 0.1706507304116866 0.0627490039840638 0.0544488711819389
1 0.33017928286852594 0.11088977423638777 0.055278884462151366 0.049136786188578994
1 0.3593127490039841 0.04780876494023904 0.031374501992031935 0.08764940239043825
1 0.6039591633466136 0.15670650730411687 0.03361553784860561 0.1142098273572377
1 0.5389691235059761 0.06374501992031871 0.03212151394422314 0.1035856573705179
1 0.46987051792828693 0.04448871181938911 0.035856573705179286 0.08366533864541834
1 0.7279631474103587 0.16533864541832666 0.041085657370517906 0.10225763612217795
1 0.7145169322709165 0.25232403718459495 0.02614541832669332 0.07171314741035861
1 0.6782868525896416 0.3187250996015936 0.03436254980079681 0.08499335989375836
1 0.7197460159362551 0.35590969455511284 0.06200199203187253 0.05843293492695885
1 0.4807021912350598 0.26228419654714474 0.050049800796812746 0.0916334661354582
1 0.45343625498007983 0.3047808764940239 0.06424302788844621 0.043824701195219085
1 0.41907370517928294 0.24701195219123506 0.040338645418326706 0.07436918990703856
1 0.3630478087649403 0.2689243027888446 0.03735059760956176 0.10491367861885792
1 0.3208416334661355 0.2642762284196547 0.03062749003984063 0.09827357237715806
1 0.4624003984063746 0.3837981407702523 0.06872509960159362 0.055776892430278835
1 0.43027888446215146 0.43227091633466136 0.025398406374501973 0.12084993359893759
1 0.2651892430278885 0.449535192563081 0.04930278884462151 0.07038512616201864
1 0.6271165338645419 0.0849933598937583 0.06349601593625494 0.05312084993359893
